500 10 100 443 1694.02
# demands
29 28 21 39 26 25 28 21 27 21 23 22 21 19 24 27 22 26 31 27 21 32 20 26 22 20 25 26 18 27 27 17 22 17 30 18 21 29 19 28 30 21 20 18 29 22 21 20 18 22 37 21 30 20 20 21 36 30 18 20 33 27 20 35 18 21 25 18 30 18 24 29 19 21 25 30 29 32 18 26 25 22 29 27 22 23 20 20 35 26 19 18 28 17 27 31 34 24 20 27 20 28 22 20 24 28 25 35 31 22 20 18 32 31 20 26 19 29 18 32 31 24 22 31 25 27 24 23 29 22 19 27 26 24 22 28 22 18 19 22 29 31 28 19 23 19 37 23 25 19 22 27 18 19 29 26 20 25 23 19 22 24 20 24 40 28 19 21 23 21 19 34 44 36 25 23 17 23 26 21 20 21 20 19 25 19 22 30 34 18 20 22 23 21 27 39 28 18 25 29 25 20 22 26 22 23 23 24 22 29 19 18 31 22 25 18 26 19 22 21 22 20 21 21 19 31 27 33 30 26 27 40 19 29 28 22 17 27 27 47 24 36 20 25 22 24 35 25 34 22 26 26 25 19 18 28 25 41 22 30 20 23 30 22 27 23 22 50 24 27 21 17 18 21 17 20 20 20 23 24 17 22 33 24 24 39 23 31 22 31 33 22 19 27 26 32 19 34 31 45 25 31 21 17 21 21 18 21 19 19 23 32 20 21 37 23 24 23 23 28 32 25 23 25 29 20 18 18 25 24 18 29 20 24 36 22 30 19 19 21 28 21 21 32 24 27 25 18 31 23 26 28 32 21 20 18 25 17 36 40 23 20 39 18 23 35 31 19 20 29 21 21 22 31 21 22 19 30 32 25 22 26 23 28 17 23 18 25 23 20 18 20 24 36 28 24 28 28 23 43 28 30 29 25 19 20 30 22 21 20 21 28 22 32 45 33 19 24 21 36 23 21 27 23 29 22 19 17 37 20 19 21 25 17 37 31 26 22 20 23 25 34 30 22 20 24 19 22 19 29 21 27 21 19 29 26 20 19 30 44 19 26 42 29 24 24 31 27 18 29 26 22 26 24 27 21 27 20 27 29 31 19 27 25 23 22 22 45 39 34 19 26 29 38 22 19 34 22 18 29
# request locations
112 112
96 219
51 40
35 4
107 183
55 109
33 209
149 216
23 55
111 52
202 129
115 126
113 214
95 139
143 66
140 54
206 151
87 163
160 129
131 63
173 64
43 157
157 4
11 112
183 174
134 114
203 189
30 180
114 125
59 201
209 219
65 127
80 183
167 150
175 123
123 19
158 133
108 55
107 63
159 207
205 61
64 202
167 124
154 173
103 205
195 127
46 2
208 12
141 110
62 180
14 82
175 209
139 132
100 126
185 199
84 78
174 161
86 6
87 97
54 149
69 157
57 129
41 159
204 171
2 41
82 63
194 200
20 44
46 180
39 1
158 98
58 64
51 200
174 180
97 114
131 57
177 171
92 41
207 21
91 100
122 136
9 214
80 48
146 91
178 190
191 21
16 3
116 114
218 93
91 206
95 59
36 55
215 187
3 26
4 190
185 111
202 62
81 171
109 182
194 162
18 197
174 130
0 162
216 196
196 110
52 102
153 210
148 84
124 94
8 220
159 163
143 124
125 115
64 218
187 83
74 48
205 120
171 72
28 68
86 153
13 0
173 162
41 106
23 105
41 110
122 146
143 95
135 79
193 101
100 111
65 143
60 27
128 1
217 70
117 169
191 96
134 1
198 88
191 175
195 178
82 96
39 35
22 37
58 208
57 139
130 209
187 115
195 196
83 158
62 204
212 98
6 17
62 191
156 207
63 181
94 121
115 206
39 53
180 216
91 95
186 202
135 15
139 183
174 213
3 125
22 27
35 122
29 38
22 150
33 166
146 141
98 8
28 132
65 56
145 26
156 170
65 219
140 216
179 107
55 13
41 172
131 217
152 76
132 156
207 215
132 197
114 83
109 217
178 30
168 99
51 45
174 42
95 74
34 78
39 82
74 72
34 147
54 21
102 83
219 137
70 101
120 184
113 70
193 192
72 180
68 144
18 196
57 53
12 213
10 59
63 172
119 118
60 166
3 130
34 159
222 10
126 120
190 168
86 160
140 51
20 92
175 175
40 168
72 132
181 87
7 208
7 184
42 178
185 11
50 83
132 120
69 201
174 157
80 157
123 80
46 70
27 103
47 85
117 4
12 67
172 160
62 208
73 202
7 72
117 109
203 69
21 170
24 8
58 90
8 6
122 87
20 31
157 145
214 187
117 45
175 92
100 119
81 2
6 119
11 196
109 40
146 98
177 41
72 5
130 100
179 202
26 143
55 148
24 198
107 68
54 164
123 211
179 12
35 147
101 75
13 84
3 133
66 113
59 58
206 203
93 20
147 102
27 173
43 64
124 113
11 50
222 50
72 31
28 60
147 16
150 211
173 16
118 185
101 68
180 14
221 99
175 107
159 62
133 147
47 91
221 69
6 119
110 152
93 90
78 99
79 14
29 109
28 202
153 170
75 169
72 83
152 75
83 54
197 210
12 101
174 63
175 168
132 208
70 148
52 67
135 184
220 214
168 217
216 14
49 126
136 132
37 222
172 113
40 101
167 198
100 166
216 5
151 217
127 65
210 100
159 31
159 85
182 209
67 198
86 195
139 141
78 144
172 113
110 216
206 25
24 150
46 35
150 120
208 13
13 16
58 181
143 55
53 156
196 91
70 148
37 192
197 93
57 213
102 158
191 37
186 64
183 10
158 118
48 181
210 109
26 83
85 77
36 183
82 86
105 55
59 215
91 210
144 150
82 121
126 123
147 11
81 197
215 173
93 170
81 20
205 93
96 192
193 57
154 135
40 54
4 136
100 50
153 82
20 28
119 43
200 173
169 215
126 210
170 128
5 18
91 41
123 161
92 210
222 61
100 115
73 182
54 142
216 49
214 204
219 168
174 99
160 31
26 188
8 109
23 166
6 166
134 137
195 182
174 77
89 158
31 70
90 66
98 9
13 196
131 175
93 183
94 102
34 73
195 123
116 2
66 3
134 74
183 175
196 4
172 133
49 48
159 102
59 97
124 114
22 153
158 119
10 202
133 183
93 82
11 128
119 107
4 112
166 191
174 145
138 188
18 3
13 68
49 168
62 87
157 33
195 11
35 213
162 21
10 146
219 107
73 55
147 24
194 159
67 68
76 148
213 156
222 6
112 199
12 28
116 133
13 207
105 178
198 36
96 98
55 91
215 109
68 26
188 104
1 145
106 76
93 101
138 223
115 168
208 104
123 58
119 84
23 61
89 171
21 55
58 84
31 7
165 127
139 198
181 120
190 36
213 92
57 223
9 17
94 109
120 113
12 108
196 11
213 22
122 144
159 72
80 68
67 153
179 10
100 201
198 19
74 29
12 3
185 168
98 95
171 168
196 216
166 17
91 42
6 139
197 105
80 136
33 39
143 86
134 135
36 150
122 116
182 121
124 85
16 203
56 19
86 5
75 21
204 140
65 1
32 69
124 219
111 120
168 81
201 23
97 211
34 108
92 219
201 39
0 162
49 42
209 132
97 88
114 40
24 144
44 63
27 109
38 162
25 3
92 41
48 13
138 135
128 190
77 212
22 61
28 186
53 67
138 162
188 18
181 16
153 87
207 61
191 39
129 210
160 116
160 141
121 176
156 166
213 78
55 161
114 59
162 149
173 26
125 13
156 96
222 168
195 81
99 195
221 5
12 188
36 18
23 212
181 178
34 25
64 59
85 196
8 201
126 29
141 89
127 50
29 148
37 192
100 0
95 187
95 217
130 99
140 25
100 144
19 32
202 85
157 73
43 65
110 207
114 110
52 71
146 103
165 156
102 178
65 136
168 162
6 193
80 25
209 157
171 121
47 114
32 103
220 222
36 194
150 181
184 38
114 202
45 209
86 210
159 151
92 169
149 128
148 214
70 187
193 71
133 171
214 48
173 158
67 216
40 169
118 103
131 117
155 222
78 45
221 167
104 165
106 147
113 197
135 10
218 33
223 56
116 75
14 39
38 120
93 207
107 54
222 148
142 113
95 214
195 163
16 133
161 133
204 137
158 97
12 160
207 205
222 135
119 61
223 204
60 155
216 160
148 43
192 82
116 78
196 160
10 73
101 13
108 194
76 150
48 78
169 172
134 168
194 15
53 96
69 170
180 198
64 196
223 118
98 186
58 197
150 28
112 35
205 78
61 82
64 155
47 12
138 218
62 171
20 25
111 188
91 103
67 153
73 15
14 25
92 149
208 69
83 133
16 21
127 161
210 182
31 32
192 120
34 201
200 141
104 156
214 121
82 100
51 27
68 48
186 19
185 147
134 131
90 15
14 112
153 134
102 98
58 20
216 147
173 133
143 192
86 55
183 178
62 10
23 9
91 106
197 157
40 1
46 80
9 47
14 187
137 26
45 66
164 31
9 94
189 197
66 66
40 86
4 21
213 75
209 113
149 191
218 145
217 104
122 47
129 223
212 152
109 194
66 50
100 77
4 223
221 16
178 170
99 200
109 173
46 38
28 48
80 168
43 35
108 26
27 50
80 221
212 63
174 176
1 80
158 26
182 165
176 173
66 177
28 187
86 55
39 147
102 69
133 79
124 83
219 102
89 1
195 35
166 127
63 154
149 84
17 181
55 217
50 55
216 58
135 221
108 80
139 95
119 182
68 60
164 64
121 98
102 30
61 42
22 155
141 107
55 213
190 190
212 57
2 93
122 15
46 4
82 79
129 95
166 106
154 78
13 174
166 222
138 78
162 24
127 164
15 6
185 94
126 93
189 217
190 53
204 165
143 159
3 195
200 71
101 200
79 83
76 186
192 69
70 186
112 113
125 157
218 221
46 204
22 143
61 23
129 123
150 71
146 145
19 109
12 87
78 34
222 78
85 133
149 142
38 108
2 57
160 114
23 12
177 134
166 116
151 166
23 192
102 100
23 138
59 195
106 19
170 134
56 79
68 176
71 175
120 88
121 86
75 169
31 75
89 143
207 91
175 51
170 138
199 10
103 143
157 4
139 112
154 199
19 36
200 76
121 177
181 99
161 182
47 146
196 100
157 198
24 153
99 3
47 37
30 137
147 93
140 153
120 217
201 5
150 33
108 212
221 107
167 90
156 153
182 16
56 4
80 26
167 108
72 177
103 221
128 76
106 125
140 2
65 188
60 45
76 52
117 38
60 62
160 78
107 175
217 12
71 1
39 22
31 202
95 177
55 181
160 95
19 176
128 55
170 181
111 162
122 90
196 15
8 124
48 85
17 32
161 72
184 65
159 50
19 148
90 141
91 28
114 200
124 198
205 126
93 28
21 181
150 18
138 4
13 11
154 49
103 9
62 205
93 198
107 160
25 181
95 140
149 129
65 78
169 176
72 27
33 112
58 81
191 18
191 205
200 127
77 209
37 216
145 173
159 53
43 194
72 2
41 126
41 168
169 66
174 4
40 200
7 24
194 208
63 164
18 193
144 148
133 50
9 149
104 119
86 143
52 28
181 218
68 57
123 181
194 170
95 163
214 199
68 189
97 204
85 2
170 191
127 124
183 80
64 151
8 10
74 44
53 67
60 223
22 22
109 37
48 12
102 188
175 95
199 28
166 157
80 81
152 42
