500 10 100 471 2000.32
# demands
22 23 21 33 36 28 23 22 23 20 35 19 37 18 31 25 24 33 24 26 27 35 24 24 36 40 20 20 41 25 29 28 34 34 20 20 22 29 20 36 31 28 26 28 26 18 25 21 30 26 44 23 27 25 23 31 45 37 21 31 17 28 27 25 20 28 40 26 24 47 17 38 20 39 22 32 35 30 35 31 26 27 23 24 19 22 19 24 36 22 21 29 39 36 26 43 39 34 22 30 44 23 29 28 23 19 27 28 22 31 26 26 31 25 32 21 23 26 20 24 24 23 20 25 20 22 29 34 21 41 24 22 39 26 22 20 20 29 38 30 34 26 39 30 44 41 36 26 26 19 21 19 23 26 31 31 21 29 21 37 22 24 29 21 26 21 40 38 27 22 22 37 37 27 25 27 19 23 42 35 46 28 38 26 24 33 21 24 27 33 25 29 22 27 29 39 21 32 24 19 18 30 24 19 23 42 26 21 19 26 26 19 32 31 23 18 21 22 45 29 28 31 44 24 27 27 23 25 21 25 19 31 23 34 22 34 24 24 30 22 33 22 34 33 19 23 28 24 28 24 21 26 34 30 33 21 26 50 37 28 27 35 20 24 19 33 38 28 19 30 21 42 21 36 31 22 19 23 23 33 30 36 31 21 22 27 47 25 40 21 30 21 33 25 21 23 27 31 34 25 19 28 28 33 33 30 29 32 33 26 19 29 24 20 34 20 35 24 26 26 26 21 22 25 23 26 38 33 34 29 24 22 28 31 24 25 37 26 26 25 20 31 25 33 31 26 25 20 45 23 35 25 18 22 28 18 21 30 23 22 22 21 24 25 18 28 22 35 23 35 23 31 30 24 26 23 22 40 23 20 29 27 19 21 27 30 28 28 22 31 28 24 19 24 20 28 28 29 27 26 31 31 24 26 27 23 34 18 28 21 35 25 25 24 19 26 26 35 25 26 23 24 33 20 34 39 37 42 29 36 31 19 27 21 21 24 18 25 27 28 31 27 23 29 27 24 26 20 24 20 23 20 33 27 32 19 42 25 31 31 25 20 25 42 24 48 28 28 26 23 27 24 19 19 25 21 47 31 22 24 39 23 21 32 40 20 23 23 19 46 24 29 20 27 20 29 21 17 22 19
# request locations
112 112
60 34
112 139
15 175
215 179
172 46
186 175
21 110
199 65
93 210
199 128
59 184
214 134
159 168
223 192
138 48
144 53
132 223
171 200
165 95
120 139
203 183
36 129
119 60
119 181
223 202
86 24
206 213
88 82
114 210
159 89
7 208
127 37
43 109
51 43
1 218
180 28
59 33
37 220
152 159
82 143
75 133
100 70
195 19
198 0
119 197
88 38
203 61
105 131
25 65
198 179
205 101
183 194
145 44
180 62
108 102
208 34
105 167
156 167
30 118
64 97
150 79
18 12
176 199
182 107
182 66
159 216
1 77
187 165
4 144
178 1
98 149
163 159
33 5
194 97
150 116
136 171
175 33
69 47
161 65
68 161
7 42
125 198
174 1
164 47
154 96
55 216
206 138
102 92
20 181
38 146
114 71
197 145
73 177
145 4
189 144
212 158
188 174
46 57
76 78
76 134
4 22
184 209
100 193
112 112
8 11
152 208
133 0
6 144
150 72
136 139
38 203
7 220
100 198
130 90
187 44
178 221
216 124
93 81
190 56
218 45
196 193
195 214
98 189
220 88
203 37
189 89
156 128
157 113
146 87
143 24
159 215
220 64
90 120
178 96
116 145
11 150
79 189
187 175
112 8
33 123
203 108
11 179
167 78
23 212
27 114
25 61
17 190
153 194
96 91
220 7
223 139
119 208
210 160
60 198
81 65
88 160
189 154
166 68
37 43
176 49
79 22
205 44
7 141
139 155
105 157
64 182
93 119
161 168
61 36
144 38
59 167
185 190
207 53
180 214
104 20
185 167
116 176
83 214
136 13
205 40
107 71
35 113
221 149
66 75
201 49
40 36
152 38
31 172
205 62
130 143
42 191
148 137
162 103
70 11
130 11
104 165
140 151
195 28
83 120
155 174
47 120
26 53
44 51
180 65
179 96
95 0
121 189
34 17
180 128
94 186
98 20
116 140
171 178
55 188
129 32
93 186
112 92
171 42
49 130
106 184
122 199
9 166
125 7
197 75
67 120
113 106
42 21
124 12
198 211
46 55
47 89
186 160
71 131
148 25
223 22
90 172
36 53
193 172
140 58
223 90
19 37
220 221
107 76
62 9
211 183
80 125
114 198
192 209
109 170
120 134
62 25
206 73
220 5
193 138
106 112
136 77
107 33
159 198
202 219
92 152
222 55
199 217
40 219
124 72
53 113
67 153
34 48
139 12
51 113
115 184
3 110
32 3
114 190
4 97
45 194
6 20
149 104
184 176
95 124
125 104
114 55
4 58
205 106
50 141
187 83
222 127
138 201
132 176
112 100
130 123
86 154
30 67
141 174
70 63
179 11
3 174
84 95
175 115
77 140
8 174
127 32
63 61
163 49
41 211
134 110
91 153
68 144
155 94
212 114
170 192
84 192
185 5
97 60
178 137
89 142
16 60
90 156
185 134
203 217
114 198
81 155
54 198
202 163
147 21
73 84
170 126
169 215
4 64
160 80
46 223
151 149
91 134
32 39
32 120
124 5
185 163
76 71
55 194
211 97
113 223
112 145
150 218
51 129
217 159
137 177
160 63
154 146
81 209
220 33
46 94
68 128
151 48
58 18
200 14
46 75
177 162
22 174
108 217
168 67
73 170
145 53
188 150
55 195
108 93
36 147
24 211
214 26
74 222
157 135
140 131
98 195
202 222
69 27
164 113
170 12
178 51
123 195
148 99
47 67
185 3
176 78
71 10
223 98
152 89
76 101
128 164
98 60
77 126
188 183
179 186
119 195
127 0
193 199
78 152
150 8
19 94
6 48
60 215
167 131
7 25
114 175
11 162
72 196
122 204
198 137
33 215
152 164
135 171
33 115
3 191
46 116
126 12
7 218
96 96
120 168
119 150
72 91
81 179
121 134
142 192
189 16
87 54
215 133
76 178
4 78
5 14
36 83
62 90
143 65
60 172
3 135
12 208
145 79
76 187
113 5
20 81
18 140
185 97
158 198
120 94
45 154
182 47
96 117
125 117
164 20
99 136
58 173
27 196
189 161
44 172
146 36
148 97
204 176
144 113
45 136
65 113
97 27
217 207
119 14
61 157
143 187
138 208
223 21
132 61
8 60
214 5
47 59
7 89
159 74
206 50
160 182
97 124
34 100
77 22
108 117
111 10
145 101
115 119
220 165
210 169
22 123
14 214
199 8
218 212
15 130
37 17
92 8
126 102
64 57
4 191
128 89
64 87
25 11
26 65
193 154
155 184
58 204
207 80
208 65
47 129
152 131
97 91
133 66
167 94
44 188
200 224
140 9
152 28
211 218
92 69
30 149
182 53
13 116
68 51
110 211
24 190
33 52
82 75
110 156
118 180
130 115
113 190
58 86
41 153
52 112
36 82
35 118
138 43
167 107
172 8
216 216
83 133
219 190
202 16
73 118
191 38
214 93
89 137
8 7
72 149
150 31
166 129
109 95
101 103
158 80
13 106
12 139
108 111
73 12
220 137
124 50
145 33
76 154
75 86
32 214
80 140
216 175
80 24
12 169
219 213
14 149
16 174
176 26
70 193
135 76
213 2
117 57
32 135
10 132
214 9
144 155
121 195
143 16
141 18
69 24
134 15
197 212
94 51
174 160
191 20
182 73
26 79
102 24
88 43
10 33
154 4
139 192
201 221
1 11
39 97
129 14
126 51
171 44
148 118
155 132
43 190
211 69
52 89
192 132
67 44
88 164
150 45
48 60
65 53
222 93
163 77
92 176
173 195
15 76
78 108
42 212
141 127
180 210
88 13
135 107
6 116
94 109
67 163
87 47
176 180
112 22
156 129
110 11
64 97
92 33
66 173
29 107
136 70
5 179
191 15
213 166
159 202
207 10
93 115
213 133
114 157
48 192
120 166
53 68
13 133
115 195
194 122
121 126
224 39
214 147
178 143
39 45
92 14
221 163
219 195
17 121
182 38
147 214
94 76
2 124
96 208
200 98
77 37
85 205
153 190
143 40
197 25
200 221
152 194
47 172
93 150
5 23
72 40
94 59
101 184
187 99
50 4
16 93
20 177
191 113
76 80
75 45
37 134
133 125
194 103
170 15
156 92
101 132
39 165
40 17
190 182
164 15
82 123
56 81
49 205
112 44
193 164
207 114
187 102
80 144
181 160
201 182
85 61
119 40
116 108
213 93
154 190
180 43
89 186
134 142
74 109
137 161
45 148
84 155
155 105
81 222
27 190
98 188
149 30
172 121
208 62
173 190
93 117
189 65
205 157
5 205
176 28
120 149
7 131
2 72
6 102
103 176
202 83
200 130
201 70
150 10
71 72
203 145
177 160
221 7
75 106
103 127
29 192
59 183
179 48
211 197
141 167
25 7
76 86
5 177
71 68
106 27
182 84
210 134
223 56
13 23
49 67
99 54
17 27
22 83
17 38
123 135
191 150
131 218
199 10
43 75
194 74
123 26
165 58
213 52
198 199
126 192
149 214
164 64
196 148
192 40
23 11
172 196
177 76
8 95
133 94
190 10
150 217
47 151
59 209
32 51
216 149
46 16
69 128
19 147
164 89
168 177
119 162
50 115
8 59
75 139
94 157
144 106
36 27
130 36
85 193
204 42
82 180
5 60
113 155
189 143
167 129
67 61
21 41
56 173
69 168
82 98
86 198
102 222
122 150
14 6
160 125
211 121
38 28
90 101
108 96
169 189
45 198
117 195
206 139
194 100
220 177
139 139
101 33
209 173
95 178
75 38
70 47
136 165
39 36
176 5
179 206
170 185
10 33
99 44
176 80
11 151
68 111
208 217
71 214
182 113
215 181
13 35
18 50
172 16
206 38
117 65
192 7
198 212
208 216
9 174
92 57
171 133
185 152
24 160
218 146
203 25
47 69
2 213
21 109
219 110
77 149
40 22
43 86
218 176
151 197
103 16
219 153
144 58
82 14
134 10
221 18
68 10
127 139
100 156
30 42
60 189
187 128
45 76
165 39
192 214
144 205
202 207
211 55
5 201
71 212
42 179
67 137
175 4
144 135
193 164
202 32
155 139
3 155
47 205
154 210
142 33
132 168
92 55
71 49
136 121
151 207
12 157
84 163
77 79
119 118
147 91
59 113
44 185
92 80
57 115
214 127
216 36
25 32
29 86
17 112
9 87
174 13
32 222
161 109
188 222
82 13
198 203
19 29
205 42
213 141
103 190
47 23
123 162
77 61
185 48
199 158
69 36
36 190
93 109
60 48
30 94
173 29
217 114
109 140
195 159
188 142
79 126
32 153
0 62
182 114
137 220
27 188
194 67
16 95
12 87
13 36
201 57
94 189
75 90
109 99
149 172
145 76
98 37
6 116
112 218
77 23
185 108
218 5
202 36
193 147
115 0
10 127
79 110
123 178
84 126
210 106
24 38
1 4
132 30
165 129
84 145
80 5
197 109
121 153
36 177
44 150
90 140
92 161
177 69
61 85
59 97
196 75
29 123
73 73
48 201
117 223
113 104
139 17
117 208
46 16
97 193
37 167
222 63
44 125
