500 10 100 477 2386.31
# demands
26 28 25 23 19 26 26 20 24 30 38 33 26 31 35 19 29 24 24 20 20 23 23 22 35 32 25 21 29 38 31 27 21 24 31 30 25 20 27 41 41 25 22 26 31 21 25 33 24 21 29 30 25 26 23 22 35 32 24 21 21 22 25 21 31 24 31 19 27 30 34 32 24 19 20 24 35 22 26 44 24 21 23 29 30 20 34 27 46 22 23 23 32 36 33 27 20 18 44 26 20 38 33 27 19 28 30 33 28 23 29 22 23 22 26 22 23 24 24 21 23 36 27 30 38 30 19 24 21 28 27 20 27 25 39 30 26 36 25 21 32 49 30 23 25 24 27 32 25 23 20 40 22 34 29 29 24 28 29 20 36 25 23 27 31 33 27 26 31 44 19 20 28 25 22 25 38 24 18 31 24 23 24 32 21 32 24 20 21 35 34 31 25 20 24 26 30 19 27 28 27 30 28 29 29 26 29 31 32 27 21 42 29 21 33 29 30 23 35 28 19 22 24 26 39 26 33 22 25 21 29 27 28 24 19 35 28 28 33 27 27 22 23 47 27 28 21 33 21 24 26 40 21 33 21 40 18 20 31 24 33 30 28 24 29 27 32 23 22 30 20 34 36 22 34 26 31 21 21 22 31 24 26 44 21 34 32 23 33 30 32 28 23 26 17 40 20 28 28 37 23 40 22 21 22 36 25 28 22 24 22 24 40 24 27 21 23 28 20 32 43 31 21 30 26 34 25 22 26 22 20 37 35 33 22 21 31 33 23 25 19 25 38 38 21 38 28 23 27 27 29 24 37 25 37 24 21 19 27 23 45 41 26 32 22 24 40 39 27 19 27 19 32 23 21 20 34 25 39 27 26 32 22 44 38 33 29 39 28 27 24 24 38 31 18 37 31 23 22 23 29 26 21 50 40 26 23 18 30 20 29 25 31 25 35 23 40 41 43 21 22 22 31 26 26 27 32 28 20 34 25 37 37 29 28 26 22 38 26 36 31 26 25 32 25 20 29 35 26 22 29 29 27 21 31 30 22 23 34 17 36 25 28 28 35 27 34 29 28 36 20 29 32 24 21 22 19 37 29 24 24 21 24 21 24 23 33 21 31 38 28 32 21 40 18 23 21 21 25 19
# request locations
112 112
45 154
77 88
179 139
141 142
120 222
175 135
37 131
190 140
84 130
94 23
91 59
62 203
28 211
91 70
44 110
193 9
213 191
141 101
142 158
63 142
2 92
193 108
10 13
4 179
202 179
158 126
56 59
116 73
153 70
179 152
223 147
67 130
44 11
151 6
123 195
1 5
113 49
100 128
172 10
222 169
97 4
164 36
155 182
188 221
196 171
65 91
41 108
107 211
82 80
199 68
28 49
150 65
77 98
119 100
219 99
39 76
200 46
50 163
191 197
40 184
60 172
35 180
81 135
123 142
151 97
42 158
31 108
52 33
158 141
174 25
139 93
191 177
128 217
213 64
216 98
49 109
74 183
153 62
38 206
70 187
59 21
15 78
68 89
5 107
113 212
182 2
59 189
7 125
166 10
147 51
95 40
17 92
144 104
19 222
166 60
163 47
165 158
203 22
176 174
197 216
91 184
53 205
218 172
107 170
55 122
117 113
107 146
196 90
193 136
112 44
51 27
212 42
117 136
24 143
218 108
194 202
134 40
52 43
83 129
197 171
40 93
78 1
163 118
215 100
63 40
147 212
115 139
216 120
79 80
208 157
64 127
2 190
189 181
195 60
148 83
159 49
203 83
81 28
123 122
4 58
100 17
135 103
86 59
59 22
155 149
156 160
175 16
130 135
95 14
133 98
167 17
147 130
89 154
134 142
166 132
69 18
87 88
137 36
138 84
146 222
86 47
38 13
12 62
105 84
66 92
97 46
80 129
101 145
29 220
204 36
56 183
179 93
44 43
105 181
152 70
192 87
48 121
12 77
193 158
47 183
70 82
209 200
108 205
116 66
186 219
150 80
155 123
60 182
207 5
7 184
5 171
115 87
163 116
171 151
5 28
33 180
21 71
204 46
133 190
148 96
99 138
140 99
184 156
202 168
103 52
120 213
103 83
194 112
104 131
3 25
203 222
22 54
40 72
150 16
12 127
128 8
78 161
72 148
66 36
31 149
49 51
180 218
100 167
125 45
170 96
141 74
22 198
138 62
119 193
158 73
71 78
160 134
58 112
36 29
120 159
5 116
68 104
8 39
20 149
102 180
68 17
193 142
112 11
208 72
13 55
175 113
23 49
56 74
108 58
215 87
24 202
57 140
170 51
19 129
5 66
11 24
161 29
1 63
63 166
97 121
201 185
126 197
143 139
203 9
126 3
15 201
169 76
87 93
154 139
107 141
146 31
103 169
117 10
102 126
201 110
114 68
105 106
128 9
202 154
110 194
139 181
41 127
175 69
16 197
195 156
142 156
136 44
43 164
100 79
137 169
102 169
103 72
1 159
10 218
25 15
212 119
185 202
174 111
207 208
216 68
128 40
48 56
99 98
194 57
69 211
103 74
200 139
206 61
67 168
9 50
71 222
67 144
134 44
138 19
176 197
79 108
111 84
88 40
125 75
168 168
122 38
20 10
36 93
124 0
74 26
66 168
61 174
61 63
207 200
58 156
141 69
140 14
150 85
80 221
7 165
153 98
139 133
203 72
197 148
221 174
36 207
2 174
22 197
45 58
77 44
151 70
204 27
158 79
169 124
143 83
213 5
69 70
94 13
129 195
119 108
216 47
28 154
15 11
116 165
65 141
24 10
151 140
118 103
209 173
55 177
60 97
61 75
3 74
156 116
104 153
211 42
62 21
16 136
110 30
11 164
154 70
198 156
183 124
138 64
74 185
89 129
45 164
24 132
176 80
49 147
186 53
149 114
135 81
86 180
165 131
69 116
14 30
182 25
210 147
98 12
150 206
223 202
78 212
1 123
8 113
192 167
33 176
110 26
140 97
30 202
41 54
35 193
51 190
146 107
64 208
147 41
73 73
15 43
110 60
145 97
135 145
140 166
156 22
132 21
136 48
80 219
146 130
61 161
160 153
189 67
80 125
19 75
188 191
197 221
220 138
29 202
81 183
69 131
131 152
183 123
205 103
29 55
37 85
136 16
186 184
128 89
220 219
205 153
17 87
82 206
114 105
162 47
120 177
48 89
173 93
157 209
172 70
199 203
154 124
161 44
79 85
204 42
159 210
24 92
197 73
146 96
94 74
9 84
172 140
70 102
61 81
210 128
52 81
61 29
31 111
84 158
21 5
95 24
143 163
53 157
102 41
13 76
173 61
10 107
47 199
169 109
99 4
92 117
3 214
141 220
96 157
54 187
150 100
106 114
80 117
199 134
221 182
44 214
3 130
210 18
111 168
149 161
108 219
46 19
173 107
140 99
47 81
3 165
72 44
33 45
22 185
154 67
110 108
71 209
17 195
97 63
21 201
145 67
165 128
83 173
38 96
218 105
170 201
190 49
40 67
175 59
135 84
103 79
147 31
80 63
127 81
70 12
219 176
59 77
203 190
18 188
3 68
201 201
190 205
125 29
128 158
168 222
179 141
78 77
64 111
63 5
15 165
7 116
79 165
126 52
120 124
206 204
86 13
111 67
77 49
207 129
59 120
190 37
150 84
121 8
77 82
129 218
113 40
220 40
88 118
162 36
87 144
127 27
216 13
187 123
179 176
207 37
196 191
143 14
86 117
212 99
121 79
22 90
201 61
88 139
153 169
64 131
151 67
151 135
23 143
187 168
185 211
211 39
80 10
103 103
115 13
69 131
98 105
201 102
63 167
17 75
48 172
108 18
189 163
162 117
23 102
157 194
114 10
185 97
162 83
59 143
199 13
208 223
58 194
10 41
20 119
66 24
110 122
145 71
110 99
199 97
134 184
160 158
3 15
65 97
153 18
203 79
185 136
8 145
13 193
95 215
213 164
118 138
82 170
1 135
0 165
42 18
12 182
56 11
67 173
97 194
29 41
13 24
160 213
113 104
63 15
107 148
38 45
15 185
125 33
83 199
166 120
201 32
130 97
123 191
113 42
135 218
143 214
56 1
146 25
96 99
108 199
173 5
201 134
25 189
146 212
8 89
78 13
22 36
92 111
202 18
92 95
146 110
8 102
116 208
204 61
160 25
113 194
192 221
57 138
163 24
212 143
166 148
189 96
157 196
191 34
1 151
203 82
18 37
215 216
82 97
137 0
3 178
77 157
3 195
76 211
103 32
83 218
196 127
51 27
183 80
116 211
153 178
78 66
138 87
57 154
2 204
199 129
150 77
203 81
188 93
206 163
91 200
121 26
7 198
104 33
48 40
211 144
30 45
214 186
41 212
27 98
212 113
51 93
165 17
189 82
149 78
60 191
110 203
43 35
184 18
23 190
128 11
207 62
201 201
160 190
173 80
2 101
47 62
182 113
17 148
215 108
95 34
9 154
21 19
81 133
209 159
181 152
210 216
197 106
87 179
195 120
77 55
54 77
140 92
187 120
64 135
121 143
144 62
6 97
28 160
142 153
102 30
122 212
42 108
203 59
3 165
35 150
76 22
73 7
167 218
162 95
176 72
212 123
186 160
67 212
213 18
93 64
126 36
105 174
5 114
86 126
131 205
25 69
102 164
102 85
12 56
121 76
20 153
94 40
154 52
153 88
172 215
207 172
33 136
153 58
135 92
141 219
43 161
204 66
45 205
32 112
24 166
97 5
222 26
150 195
150 81
193 191
197 98
117 214
149 217
129 72
181 5
67 54
23 50
85 68
12 22
66 214
50 207
50 7
105 119
197 214
65 193
78 7
221 25
65 148
96 90
137 84
134 213
172 73
66 164
106 184
207 181
129 181
216 65
95 22
131 206
145 133
192 79
54 197
25 214
156 189
98 75
72 206
37 174
157 126
10 107
71 109
98 25
109 120
132 80
171 78
187 19
219 160
125 137
87 124
99 101
165 164
184 25
147 31
206 14
70 163
78 132
97 148
132 88
111 92
118 154
68 115
181 155
147 95
100 25
55 92
69 34
70 48
73 219
64 193
203 179
109 19
193 86
144 32
30 151
63 147
107 2
175 11
181 27
208 97
201 11
123 49
32 119
150 85
208 188
33 79
83 192
66 207
138 98
197 139
196 189
5 74
126 211
170 223
111 101
96 17
41 79
172 183
86 205
126 147
215 39
42 181
115 179
72 110
166 151
212 174
171 203
34 170
17 203
4 214
25 148
204 72
44 53
101 96
167 95
62 83
167 48
124 200
155 74
219 175
182 158
8 8
44 191
115 6
192 63
95 126
28 75
25 109
179 193
47 208
62 16
5 87
84 91
211 60
119 123
150 135
124 106
39 159
2 33
68 137
56 17
156 32
150 224
23 122
74 69
137 55
91 15
69 130
190 153
110 96
162 204
42 217
13 142
160 39
101 9
209 120
175 210
173 190
95 214
213 94
134 74
123 32
61 22
149 143
101 7
209 1
112 193
45 200
129 156
20 3
56 220
69 97
24 176
176 199
44 54
48 192
220 12
158 178
29 28
143 2
96 98
56 99
176 125
17 14
183 62
206 76
194 40
120 180
62 182
130 13
155 70
127 152
43 202
119 55
222 86
201 142
189 143
11 8
88 84
163 44
50 101
62 43
202 104
173 42
