500 10 100 470 2027.71
# demands
32 36 41 30 21 29 41 17 31 34 32 39 22 21 25 21 26 29 26 26 26 19 21 33 21 44 35 20 31 25 22 31 21 19 29 23 42 34 41 20 26 26 21 31 24 23 27 23 43 21 26 35 19 37 22 24 22 24 23 21 18 21 32 33 24 27 28 24 29 28 22 21 23 36 21 31 30 27 19 23 22 19 34 23 25 27 24 18 37 40 20 19 18 20 27 19 24 26 26 38 28 29 25 25 24 24 26 23 26 26 32 26 31 26 33 26 22 25 21 20 37 21 24 22 48 20 32 20 20 29 29 26 24 21 23 29 28 21 19 36 39 23 21 30 36 41 20 30 26 34 34 29 29 25 34 20 22 21 29 24 28 26 26 20 32 37 41 20 35 19 27 26 20 46 26 23 30 21 25 22 23 20 27 31 32 30 40 33 30 18 32 23 20 26 22 44 42 44 27 41 20 21 23 32 25 36 24 19 38 20 36 26 31 33 21 26 21 35 27 24 35 20 23 27 27 34 31 31 21 31 35 27 44 35 22 25 34 30 21 20 21 37 27 33 21 24 37 23 30 32 28 33 50 29 21 50 42 40 23 34 19 35 27 29 22 27 31 27 25 28 41 34 20 19 27 24 36 22 40 30 21 39 28 22 26 23 31 25 22 32 20 19 23 20 20 38 25 30 27 20 24 30 23 22 17 25 22 23 28 37 25 26 23 32 22 21 18 23 26 41 27 29 33 29 26 36 37 21 35 22 28 22 20 35 25 20 29 40 25 18 25 27 28 30 28 22 39 42 19 20 35 28 38 27 33 36 27 26 29 31 29 22 23 27 25 31 45 41 31 24 24 41 30 25 38 28 45 21 34 24 34 21 19 29 37 26 21 22 32 24 19 20 26 20 30 22 32 22 21 25 28 28 28 23 30 25 46 20 23 19 24 33 26 22 36 21 37 24 17 26 27 23 30 22 35 22 22 19 32 20 28 22 36 22 24 44 19 20 41 32 25 21 38 38 31 34 28 31 41 23 23 37 29 20 28 30 24 34 23 32 24 29 22 32 27 21 28 30 27 17 22 30 35 26 18 18 27 27 32 23 19 19 32 20 23 20 32 18 22 29 25 28 22 23 29 24 24 27 26 22
# request locations
112 112
109 77
189 213
13 31
176 109
6 95
72 171
222 194
103 27
158 176
200 32
48 58
59 213
169 75
6 100
157 25
54 210
1 1
27 148
86 43
155 176
70 184
141 175
219 58
191 129
167 119
70 69
192 46
82 124
167 86
39 40
29 76
71 69
62 152
213 24
41 195
180 92
100 185
121 188
119 125
23 140
136 110
86 103
211 140
198 29
121 95
165 119
205 17
89 187
158 206
155 186
144 121
167 149
108 77
129 46
72 69
172 202
198 115
153 51
105 12
163 213
1 149
56 53
120 36
165 127
102 128
85 186
40 190
190 87
130 111
168 134
146 27
201 54
76 204
147 111
5 38
55 132
60 102
80 175
211 1
148 150
11 91
105 51
190 31
127 80
122 191
78 211
31 198
192 177
25 98
33 105
158 35
156 167
191 217
46 158
122 47
209 189
162 156
208 154
197 14
166 23
193 52
119 144
128 116
166 142
165 172
23 52
60 118
159 129
221 157
99 127
75 162
134 144
50 188
157 62
59 155
220 212
222 213
17 9
110 180
56 17
9 187
206 206
108 213
18 74
146 219
195 72
61 142
189 62
113 163
9 119
106 150
59 114
79 109
12 133
205 220
142 121
2 163
105 117
113 13
148 196
49 113
55 115
19 147
126 130
104 186
86 98
176 57
164 0
179 192
32 141
199 183
139 170
142 156
80 104
25 218
171 3
59 50
13 124
34 204
13 99
80 123
36 57
147 44
192 68
13 52
9 86
81 185
152 135
11 133
212 20
2 116
112 189
222 54
110 178
91 43
6 14
188 41
70 115
118 168
52 188
223 114
5 170
80 110
30 158
20 186
177 6
95 203
0 112
122 91
166 134
177 151
131 195
220 168
75 158
168 205
153 65
12 15
0 7
56 16
59 25
184 199
193 73
141 215
64 45
18 175
57 207
88 191
21 132
121 207
7 124
160 1
162 126
33 160
111 51
191 96
10 98
32 45
70 91
170 90
137 93
180 162
41 119
79 207
76 178
14 192
178 75
60 207
74 220
2 57
209 10
148 217
108 196
194 65
205 142
58 13
72 192
78 180
10 100
201 84
186 64
8 77
79 78
40 92
75 40
59 175
26 17
32 202
192 196
192 61
84 97
124 49
218 29
59 66
89 103
198 203
116 213
53 110
24 189
72 127
15 69
75 144
14 169
55 41
181 194
189 48
43 126
61 95
123 13
88 87
124 17
158 68
51 180
118 176
106 145
12 217
160 176
142 84
167 164
92 47
130 14
143 114
23 21
25 143
36 10
173 219
71 84
2 49
219 163
213 165
139 174
78 212
43 168
16 98
24 162
49 23
58 214
182 206
18 76
75 125
223 95
191 17
89 151
135 9
46 199
71 183
95 6
151 201
164 76
144 108
171 112
23 52
133 191
27 51
154 13
117 222
36 209
135 55
86 42
148 221
114 65
105 70
59 30
148 53
29 200
209 85
223 179
38 9
94 147
181 49
48 165
20 142
223 209
151 35
35 211
215 121
48 125
145 146
14 80
19 88
46 65
153 185
146 175
141 86
31 152
208 155
165 112
161 86
13 79
158 124
17 122
163 192
76 77
139 62
143 95
167 42
127 77
92 207
105 220
73 132
165 88
3 176
4 56
178 136
175 163
102 184
144 189
95 201
22 128
10 150
184 113
11 102
91 221
158 13
149 27
157 206
31 105
124 205
40 74
65 60
196 87
181 105
79 98
144 15
149 214
28 200
62 112
182 54
114 217
45 31
78 22
186 111
111 48
147 70
204 192
27 222
0 38
113 112
17 84
78 25
45 141
196 35
22 117
180 45
166 183
79 35
109 100
133 97
208 20
7 120
5 164
25 154
217 3
137 118
111 64
144 208
195 127
126 212
200 152
202 96
76 180
60 25
71 21
172 183
179 180
167 124
212 82
127 103
112 195
222 75
198 65
78 38
215 22
124 98
218 219
130 93
96 63
84 39
22 91
76 181
11 81
50 126
147 220
183 35
39 166
223 124
93 107
65 62
143 140
102 90
207 211
86 58
10 192
158 121
183 84
85 187
16 75
208 118
90 221
170 24
136 31
160 191
213 49
210 145
187 110
214 59
11 80
19 143
202 164
213 5
220 90
100 58
42 38
93 124
153 1
72 129
37 202
160 51
139 69
179 156
180 6
71 98
66 56
221 104
126 92
4 9
43 6
172 104
123 167
49 110
51 4
149 145
207 117
171 181
134 53
88 192
63 23
138 186
135 45
60 66
170 45
185 72
218 116
200 180
213 69
147 44
154 38
84 154
131 118
6 72
202 139
130 92
17 208
173 87
131 218
6 216
214 115
84 34
166 127
147 165
147 181
47 210
121 85
56 8
105 24
185 199
154 202
85 8
1 145
22 124
210 217
215 204
0 200
208 217
188 185
211 35
181 105
95 63
52 31
128 20
3 79
83 99
164 73
153 103
112 213
197 157
207 22
46 216
2 208
202 28
24 189
187 91
47 211
27 146
91 46
126 197
171 79
165 160
12 9
184 91
16 94
36 86
56 9
206 107
4 24
210 179
31 81
18 210
24 200
76 28
28 162
55 164
14 5
63 145
126 203
219 180
212 144
128 167
170 38
202 148
94 153
161 88
168 102
211 185
204 54
201 47
120 49
198 39
3 182
167 77
202 112
75 161
199 215
83 133
138 4
58 205
189 172
159 128
205 158
91 20
92 163
136 197
93 29
25 81
23 1
5 170
193 58
44 200
86 101
139 7
14 58
146 105
17 45
129 133
65 167
215 5
117 51
74 9
91 7
128 105
173 177
38 134
62 171
175 11
9 67
70 214
25 16
114 100
137 203
105 218
210 70
18 84
161 111
128 150
67 83
209 173
190 187
38 107
14 121
158 61
167 180
6 130
57 217
108 4
66 3
176 213
138 17
90 211
186 202
112 174
54 185
156 105
136 0
165 171
216 120
196 83
72 182
99 42
201 106
180 172
86 9
177 88
24 200
80 171
67 213
76 134
2 28
167 57
170 74
9 21
49 140
25 61
34 175
171 140
29 172
85 152
59 69
134 81
198 54
133 99
41 148
88 68
204 49
193 46
190 94
117 171
169 39
135 20
169 30
159 38
95 191
121 74
134 175
126 3
204 162
53 120
131 200
160 131
155 77
44 87
8 0
100 104
23 148
136 220
14 139
138 41
55 89
90 143
45 193
217 181
157 94
8 44
91 30
44 221
207 9
39 68
49 163
31 136
159 171
31 186
106 54
222 164
178 202
123 61
193 100
211 108
167 20
47 198
49 175
78 112
132 190
139 172
121 193
169 12
189 34
94 137
162 71
48 122
138 23
150 137
186 182
8 16
205 104
49 37
95 86
92 130
173 194
5 188
211 137
143 8
165 106
172 40
167 5
107 197
1 212
35 174
3 35
40 126
133 35
191 27
82 125
120 219
158 131
87 121
39 35
67 126
162 178
214 200
128 184
91 156
95 122
179 109
195 149
150 157
221 137
180 174
24 28
118 178
24 90
142 48
30 141
97 7
100 18
54 47
33 202
28 177
51 75
168 66
107 180
163 92
145 79
29 57
213 157
75 7
46 117
135 185
129 179
197 223
65 40
55 100
19 145
195 138
157 210
68 200
31 136
202 165
26 91
128 59
50 217
157 63
131 38
123 55
213 11
51 175
174 153
110 75
47 159
142 189
131 50
29 145
140 58
49 125
222 173
154 1
60 79
48 27
8 120
116 104
53 131
163 70
83 206
7 223
109 163
43 221
192 208
4 84
214 150
161 76
152 118
85 9
58 143
107 158
110 15
22 109
139 122
54 64
91 124
196 59
111 165
49 89
114 170
216 184
19 84
220 14
173 210
180 83
167 209
152 177
29 43
65 115
174 90
222 141
206 121
102 132
97 132
157 8
153 37
15 66
192 57
37 88
213 111
16 77
23 71
54 58
61 85
0 47
102 145
41 172
6 171
32 123
212 51
134 45
42 112
193 145
177 131
197 37
123 121
172 162
20 92
2 94
137 173
77 198
126 3
217 211
166 198
210 183
134 214
8 64
187 52
145 87
71 160
99 110
44 104
181 8
121 19
214 134
116 187
3 19
199 126
200 206
50 181
65 127
128 132
107 55
93 65
105 197
1 215
202 189
49 104
113 191
139 93
193 110
154 113
179 5
42 113
124 81
10 48
96 161
124 84
171 38
127 66
139 221
13 97
97 128
192 139
80 179
76 23
27 37
36 151
26 59
116 44
158 25
97 143
200 142
217 63
95 117
63 30
52 162
99 63
122 2
101 213
56 88
183 74
122 54
69 91
173 33
214 69
215 148
58 193
196 68
56 78
83 24
108 81
20 46
57 47
109 195
212 205
94 165
95 15
138 1
77 216
100 5
48 95
155 146
13 127
203 98
137 71
3 182
66 70
41 25
187 21
107 53
43 108
45 64
127 121
78 148
203 191
218 47
126 29
118 215
35 53
55 153
130 101
155 52
116 34
129 37
37 127
69 138
109 199
40 192
136 68
