500 10 100 469 2335.26
# demands
24 18 27 19 24 40 19 24 29 26 27 28 23 24 29 34 42 27 22 31 24 22 23 18 24 29 21 23 22 32 24 25 31 32 20 23 31 24 23 31 43 30 22 35 27 23 33 22 21 29 37 20 34 26 20 23 22 43 24 26 27 19 19 28 23 20 26 40 30 22 23 19 19 27 27 20 21 35 22 23 28 28 29 30 34 19 20 23 25 25 27 17 18 26 27 37 28 25 27 34 21 21 26 19 29 23 32 30 20 26 31 37 31 20 18 20 22 34 24 24 30 26 41 29 37 25 26 28 28 18 26 19 30 35 25 32 25 27 33 21 27 20 26 22 22 19 19 23 23 29 24 27 35 25 42 19 20 25 33 19 26 32 32 22 19 36 21 23 20 29 22 24 21 29 24 23 21 30 18 32 21 22 33 27 21 27 18 26 23 24 31 35 26 20 32 24 33 24 24 18 27 21 23 24 31 18 19 19 23 19 27 21 23 25 31 21 30 29 31 25 43 30 21 24 20 24 22 28 24 26 32 20 20 20 25 22 41 30 22 38 19 22 32 26 25 24 33 23 21 30 21 28 24 26 37 23 31 24 24 27 37 22 27 28 26 28 35 23 25 30 29 23 29 29 35 22 20 26 20 27 25 33 29 25 21 20 26 26 32 32 25 20 35 23 27 19 18 39 32 21 19 20 22 33 23 38 25 24 27 36 19 27 41 25 27 19 25 33 26 17 24 21 35 23 20 31 24 23 21 28 22 33 29 31 30 33 24 44 25 22 20 36 22 19 34 29 34 39 30 25 22 20 19 22 24 50 30 22 27 27 17 33 26 20 46 34 24 25 25 21 23 25 24 21 29 29 24 26 20 21 22 26 28 19 18 21 30 32 37 32 27 30 24 20 25 25 24 29 26 24 20 30 25 22 28 29 34 18 23 19 19 25 19 34 22 21 21 30 34 19 37 24 29 21 24 29 18 24 26 24 23 37 34 25 29 30 23 27 23 31 28 24 41 25 32 27 20 20 18 34 34 30 19 38 31 25 19 35 19 21 24 27 23 30 27 20 26 22 25 23 34 22 23 19 35 26 22 37 23 28 28 22 19 28 23 25 25 28 36 22 21 35 23 29 23 38 25 30 32 20
# request locations
112 112
43 40
149 143
218 201
93 114
150 196
154 135
68 212
20 72
147 174
143 116
38 89
38 87
32 3
117 11
14 176
212 174
168 6
195 74
143 192
92 117
213 132
132 160
185 147
36 79
189 149
12 182
67 93
214 27
173 56
160 215
24 78
184 54
186 146
132 7
26 51
108 14
188 68
142 59
171 172
62 162
39 71
36 169
152 184
7 219
86 63
85 219
185 212
38 147
51 149
35 139
190 142
169 75
204 179
23 207
37 173
185 46
183 53
158 151
10 217
33 224
87 179
106 131
78 34
80 129
221 181
69 29
37 158
210 188
215 66
199 64
151 150
221 132
206 21
34 49
79 4
152 69
177 9
191 49
120 77
82 134
119 22
160 110
143 197
86 86
24 185
76 117
118 33
68 158
64 93
103 16
181 29
207 13
40 70
134 208
172 154
130 120
127 197
186 140
28 4
84 169
32 180
85 213
170 139
198 223
159 111
203 67
95 184
218 186
12 176
82 111
169 17
2 185
217 30
5 41
104 92
99 43
63 117
144 9
47 85
33 210
110 104
92 66
2 172
208 220
110 13
95 34
191 125
21 28
114 196
172 118
49 125
45 58
1 146
157 33
114 194
19 6
216 116
35 4
1 197
17 102
102 116
33 165
45 2
189 93
16 166
7 132
146 26
10 33
207 144
203 89
17 130
122 10
209 150
179 150
116 163
76 55
221 195
107 151
110 68
222 200
202 160
65 97
73 114
120 47
221 161
41 183
21 107
96 150
178 163
54 190
7 198
167 126
143 175
215 4
27 66
69 48
142 103
79 181
100 188
16 72
72 52
155 67
39 77
6 165
128 174
162 51
66 62
128 163
47 103
192 49
12 166
189 161
188 131
202 168
20 52
133 131
97 152
186 81
26 167
200 38
199 46
41 70
104 6
26 42
24 101
82 168
221 77
130 146
44 198
218 126
48 11
36 20
147 175
94 19
17 17
219 198
96 3
31 130
82 136
111 23
1 60
91 45
140 190
75 219
37 137
16 82
128 14
208 58
139 154
154 188
43 72
47 37
149 151
219 17
89 54
134 214
92 74
181 124
182 212
67 146
90 91
17 70
211 96
137 175
215 208
162 121
46 100
46 43
42 136
164 206
119 87
81 59
11 175
128 141
194 54
194 181
14 64
1 182
142 180
29 181
19 111
185 25
120 114
202 2
57 130
166 217
126 33
110 122
208 16
118 49
68 165
49 156
188 4
131 210
17 49
162 34
32 176
108 203
180 217
28 190
126 52
181 69
9 136
190 43
213 67
193 27
99 80
147 174
158 213
51 181
43 4
160 108
83 162
51 136
177 130
71 112
155 192
72 97
29 201
58 142
42 217
67 181
50 110
125 184
115 74
192 205
70 11
85 93
77 185
16 151
0 158
167 202
108 167
126 88
200 78
158 200
128 121
165 12
61 132
66 101
122 1
120 215
149 144
137 153
153 8
204 133
184 146
81 213
171 153
116 2
79 107
91 202
132 54
198 48
6 155
96 19
100 51
125 77
138 155
52 71
63 67
22 200
203 118
51 26
116 193
18 44
122 29
216 104
223 209
23 23
180 213
185 86
190 54
164 183
61 105
33 138
94 200
178 13
195 23
215 45
131 216
134 41
149 150
222 88
129 117
185 203
168 31
30 42
184 154
106 175
158 222
154 172
143 224
192 181
112 218
121 213
166 173
154 109
28 25
200 73
103 129
213 119
219 179
158 223
142 157
15 90
89 166
25 89
131 7
204 74
31 178
223 56
77 62
142 135
207 161
59 13
135 123
6 6
81 100
81 154
31 151
175 156
176 111
150 174
220 83
25 46
172 179
95 63
17 182
91 138
216 176
154 223
121 64
92 98
88 165
131 108
37 15
162 40
212 64
106 104
184 1
18 116
114 173
24 86
204 164
29 149
85 23
167 54
165 113
172 82
50 198
142 76
71 122
182 158
107 71
66 192
56 209
44 119
35 70
205 70
76 110
132 186
152 134
114 163
62 60
80 53
210 78
108 51
90 111
48 195
223 84
204 182
39 20
128 107
207 150
44 204
150 165
16 166
102 44
104 198
86 150
33 132
159 98
86 88
24 114
104 65
204 90
94 149
106 203
5 51
108 165
37 185
207 117
109 192
83 67
13 180
206 164
219 91
157 170
106 137
157 218
127 85
112 95
5 216
19 106
207 198
215 149
59 174
118 119
138 111
18 153
34 113
101 178
40 62
52 165
94 105
95 183
110 163
138 43
138 101
72 30
57 202
110 203
220 135
219 130
149 30
114 163
109 180
5 81
39 166
165 113
197 39
58 17
65 17
173 30
191 153
198 47
29 45
63 31
6 25
162 55
86 116
221 137
20 184
119 165
57 114
128 160
119 204
140 116
222 46
94 9
162 145
77 28
91 218
199 73
209 217
124 93
81 136
163 54
73 27
55 18
205 166
137 160
197 206
200 13
83 171
158 39
96 94
187 19
71 175
159 132
194 52
84 8
150 125
132 9
57 99
173 100
121 158
114 79
47 179
188 161
12 80
72 175
160 51
119 129
149 128
179 8
61 89
186 144
138 218
61 110
85 58
109 119
155 17
126 135
55 63
205 76
100 223
204 123
56 137
129 77
8 177
213 36
39 143
167 64
147 184
160 39
52 18
168 108
133 82
175 69
151 220
202 108
6 108
88 210
19 145
66 13
147 9
222 134
223 37
14 95
40 210
114 94
20 152
104 137
43 64
86 36
109 9
95 113
74 5
67 215
57 150
56 80
59 159
124 33
145 110
193 161
91 26
154 224
188 161
199 162
99 50
76 94
142 219
25 192
200 149
90 214
122 27
139 52
62 221
150 151
11 178
79 216
207 157
7 33
55 30
35 187
69 179
12 39
70 87
11 84
127 82
21 42
3 70
188 203
170 152
111 167
28 127
132 118
84 63
71 184
101 222
181 151
92 158
223 210
77 47
134 123
46 172
155 14
87 83
115 180
163 133
106 201
33 177
28 125
204 46
61 213
85 98
73 190
65 206
53 167
31 201
71 164
58 214
126 45
167 170
20 141
195 199
1 195
3 187
209 26
207 11
218 82
154 183
40 24
219 89
15 182
58 91
127 57
178 104
115 217
80 200
221 89
99 56
75 107
10 197
84 26
99 101
223 178
177 15
92 29
13 29
112 192
121 65
206 122
208 150
161 177
143 215
16 142
36 57
145 222
43 43
120 216
215 25
4 113
152 82
137 42
143 100
166 58
132 54
171 138
168 27
185 107
35 220
1 205
24 103
110 76
204 96
101 199
155 44
79 181
27 165
2 214
12 150
149 111
204 188
73 13
159 216
85 187
11 142
31 2
61 153
205 113
62 48
119 148
20 33
131 105
4 20
191 33
204 181
51 18
176 25
88 91
66 99
82 197
77 149
163 197
164 41
211 80
157 189
13 209
92 119
68 119
34 174
150 184
193 203
162 125
187 68
134 43
113 204
170 126
84 83
187 14
142 51
41 123
77 59
149 171
132 175
194 3
56 118
142 50
156 216
100 4
126 201
201 113
16 97
98 63
185 52
62 138
73 42
152 208
29 10
1 189
205 123
118 34
13 28
18 150
205 118
51 40
136 116
11 112
158 75
60 133
73 74
153 81
207 106
132 129
84 17
75 177
139 152
213 8
7 153
12 2
41 147
159 122
93 183
142 25
138 109
161 100
207 176
120 149
142 49
195 12
78 56
54 37
14 122
116 41
8 185
101 193
135 134
82 15
53 101
124 175
207 154
166 78
167 72
188 67
79 213
131 192
197 175
128 185
202 7
37 97
59 209
90 170
76 150
95 52
143 120
211 140
121 173
36 196
86 7
164 105
132 100
20 91
200 148
15 123
70 197
14 64
36 86
175 51
203 20
170 25
38 19
69 28
181 67
49 92
219 10
124 66
186 11
151 166
148 1
63 38
58 130
133 24
180 91
193 147
160 103
89 105
220 187
208 186
97 133
0 201
34 121
191 17
57 164
210 165
189 23
129 209
196 164
46 117
10 194
36 89
161 174
196 122
58 190
111 17
71 121
122 4
10 219
114 148
39 159
205 148
79 10
159 69
223 134
138 205
90 158
72 44
164 214
4 146
207 194
89 194
174 54
151 72
91 31
7 46
113 162
77 171
30 196
98 23
32 5
215 14
79 152
174 120
215 187
62 24
115 37
9 173
78 209
31 201
124 157
50 33
78 53
58 119
80 149
41 181
28 202
104 129
119 183
198 115
213 144
37 128
146 63
154 96
3 193
126 163
76 187
43 109
122 56
115 55
151 141
207 160
110 123
23 180
183 209
220 116
190 67
207 128
148 211
147 96
191 44
49 120
29 20
186 48
68 38
154 184
147 119
170 156
29 49
151 116
169 112
180 1
88 110
104 199
81 16
102 146
163 105
129 152
30 202
147 143
50 91
4 4
13 213
114 53
191 141
3 222
114 163
52 211
10 45
3 123
74 117
221 200
203 123
42 164
150 150
103 209
112 173
223 103
65 214
