500 10 100 454 2083.74
# demands
21 25 25 20 26 21 20 30 23 20 18 39 25 21 29 22 32 33 24 27 34 31 44 39 37 24 20 26 25 20 28 39 25 25 37 21 19 19 39 23 50 21 24 22 22 37 30 26 18 31 19 28 21 19 22 23 33 36 41 28 19 38 25 27 30 20 26 24 21 44 29 21 34 34 22 21 21 21 34 23 27 18 35 25 18 29 25 28 21 27 25 35 30 31 38 31 19 19 23 31 24 33 22 24 30 31 23 32 17 21 39 32 26 23 28 20 22 34 21 21 19 50 29 21 36 22 27 33 23 22 28 20 21 21 23 20 23 22 31 19 36 23 26 23 26 36 23 27 29 29 35 40 27 31 20 24 37 30 43 36 19 20 25 20 21 24 19 30 43 41 22 19 23 28 31 40 28 46 26 42 29 21 19 36 38 32 29 24 24 31 25 22 27 49 28 28 24 23 19 21 33 24 43 34 20 24 30 17 22 29 18 26 37 19 23 17 26 24 22 25 21 28 27 21 28 31 33 23 25 30 27 31 29 23 26 41 32 30 20 20 32 20 30 32 21 23 25 29 24 26 49 23 23 32 23 29 36 23 20 26 36 28 18 23 28 37 39 24 29 29 24 33 28 23 25 29 26 19 30 20 27 23 31 28 25 30 25 28 35 24 26 36 22 28 22 30 21 23 23 49 26 20 31 36 26 18 38 20 36 35 36 29 37 26 22 30 35 34 34 39 22 30 28 22 26 19 26 25 29 23 24 22 32 24 25 24 28 25 37 24 33 34 26 25 34 27 40 24 19 20 39 23 23 30 25 25 25 35 23 24 23 23 20 29 34 19 23 20 20 27 41 36 35 21 30 23 29 32 20 28 18 21 20 20 34 23 23 40 23 27 37 27 27 18 40 29 28 19 34 47 27 32 33 19 18 30 27 24 37 25 21 23 34 28 43 20 26 24 30 31 25 22 31 28 34 35 32 34 22 29 31 27 24 21 24 35 25 37 29 18 24 33 24 20 22 25 25 36 23 21 28 18 22 42 38 23 32 22 27 28 29 28 33 24 28 25 23 27 31 40 26 33 20 23 21 24 25 26 23 47 25 27 35 30 19 21 23 30 24 18 26 23 26 24 23 37 18 34 43 38
# request locations
112 112
167 7
182 11
84 0
207 169
158 8
199 186
92 124
219 103
105 185
68 155
132 193
78 57
40 69
72 115
132 151
198 34
177 177
103 157
216 27
61 23
178 128
123 112
163 180
48 106
40 130
178 164
153 17
120 24
197 37
84 83
31 108
21 75
43 96
221 42
115 7
58 36
14 205
115 155
158 195
143 6
118 166
34 136
205 29
10 179
145 168
59 219
165 130
132 149
166 60
149 75
83 127
114 186
18 121
212 115
165 80
118 104
78 91
44 4
147 109
204 192
183 153
92 104
215 167
42 186
145 83
52 58
8 134
183 169
76 52
49 39
89 131
130 203
44 2
25 36
165 24
105 126
57 94
100 207
156 122
42 109
121 213
73 59
47 43
52 44
141 69
98 46
129 217
111 130
14 108
205 175
112 94
146 22
167 119
166 120
71 167
135 12
31 5
52 199
204 216
144 178
130 0
66 20
21 77
197 163
133 141
59 85
80 120
187 95
43 198
25 124
80 37
140 98
97 17
115 113
108 143
121 2
87 128
101 173
54 40
23 222
39 198
97 203
140 26
190 211
85 138
40 19
204 109
186 41
7 222
197 148
153 52
72 106
33 125
143 34
166 163
175 93
151 182
166 99
40 15
112 72
129 209
63 183
48 54
170 98
8 46
11 65
208 67
63 85
88 58
211 93
5 58
57 191
20 38
92 156
205 81
87 207
159 111
201 93
215 169
87 184
177 160
127 141
2 123
215 67
88 139
204 63
200 75
200 50
132 0
105 212
146 73
169 41
70 7
53 141
80 1
115 44
82 15
152 207
65 60
163 2
216 89
155 152
103 16
22 40
169 125
87 128
92 163
72 222
5 82
72 171
56 180
106 131
151 85
9 73
17 123
50 44
128 137
172 101
166 196
99 136
176 62
43 204
144 137
114 133
206 170
82 102
157 8
100 215
133 93
68 112
190 145
179 171
141 189
34 10
55 30
53 25
174 183
27 2
199 15
219 178
135 181
82 29
157 28
222 94
11 17
123 150
219 55
109 136
125 90
176 118
170 140
142 97
154 118
94 149
215 194
170 41
27 64
53 59
202 30
149 132
223 180
116 101
160 74
127 181
77 75
58 81
218 73
156 36
76 85
154 6
117 8
168 206
106 36
112 191
169 193
2 13
98 66
145 156
170 159
73 196
119 172
42 178
72 217
46 223
49 52
157 18
96 90
141 71
205 164
36 159
122 111
212 105
159 91
101 69
81 36
158 39
176 203
72 180
144 81
96 25
9 131
125 201
43 134
140 2
144 65
4 41
178 48
98 185
117 95
69 159
177 69
103 100
21 66
154 127
99 126
33 18
37 131
119 108
213 69
45 57
54 2
35 156
95 33
120 205
29 66
40 56
52 52
145 128
160 206
51 40
23 173
64 18
15 41
12 119
39 172
223 177
21 4
65 222
169 30
3 1
71 217
66 134
99 220
130 85
216 154
84 191
223 154
223 208
33 172
187 106
202 216
128 125
90 131
100 177
208 176
32 124
111 28
27 113
142 142
98 15
217 215
57 100
194 201
80 16
183 126
145 183
24 123
44 120
95 182
108 27
199 128
69 160
182 114
200 124
10 89
185 98
42 90
89 158
123 73
171 39
101 185
104 123
201 66
60 134
117 219
91 212
99 85
106 194
60 36
220 36
139 94
104 79
80 74
40 67
5 23
118 194
45 128
48 34
151 193
208 93
71 95
92 1
159 61
103 6
17 106
28 60
15 110
79 210
187 159
155 125
89 198
218 204
88 168
50 2
15 181
66 98
52 0
140 26
108 171
51 56
89 212
108 113
120 217
60 99
102 184
155 145
114 192
167 146
149 210
108 200
110 195
183 92
29 104
75 28
181 133
106 31
215 23
86 155
193 195
58 178
118 211
208 158
113 54
60 32
126 112
81 188
34 27
202 80
25 61
223 96
191 173
203 191
96 25
123 106
11 145
31 114
22 69
51 59
163 219
105 14
206 149
40 179
131 45
94 77
63 100
14 31
62 220
218 131
83 190
98 36
179 168
195 25
100 213
29 48
39 30
197 33
214 183
216 143
57 56
62 62
10 55
178 41
209 138
35 141
114 94
19 36
105 174
16 81
88 165
212 184
40 75
71 195
208 215
38 109
127 21
53 36
8 111
194 77
112 44
77 75
118 138
222 36
165 195
195 205
200 182
173 188
21 147
200 45
83 29
85 84
173 24
15 95
143 50
43 105
9 138
112 49
35 7
223 209
197 97
82 72
103 136
206 204
62 20
192 88
33 68
109 179
177 33
177 152
66 125
198 90
13 220
18 29
73 64
153 203
179 198
205 144
88 222
6 195
211 181
77 134
53 217
150 138
193 26
7 143
133 38
88 199
34 223
89 61
1 51
2 151
160 195
148 193
207 196
119 85
51 175
136 141
89 78
20 15
1 187
134 133
210 129
179 170
11 126
196 183
114 148
134 161
213 27
11 56
212 78
78 194
204 28
47 215
136 172
46 191
107 95
125 103
175 20
219 87
123 114
101 38
56 47
118 86
131 159
50 182
87 169
156 72
139 135
58 18
63 210
56 42
50 96
203 32
66 65
114 26
7 6
195 36
62 122
12 117
203 176
118 176
98 159
80 82
71 107
75 60
116 21
36 144
145 126
127 161
83 108
206 210
28 202
159 114
137 200
133 87
104 222
14 75
107 171
2 188
165 130
167 138
151 8
26 72
191 4
54 176
161 221
47 160
206 83
125 102
160 161
53 117
96 65
185 218
140 72
174 66
74 151
216 19
73 117
61 72
212 91
122 84
118 172
1 36
55 172
143 91
53 210
148 4
171 40
27 188
25 91
123 132
164 91
223 70
50 102
188 141
4 15
201 119
60 139
188 206
115 196
189 97
223 145
29 220
116 65
141 41
215 179
179 103
170 104
59 203
20 150
119 122
111 1
29 77
132 52
183 116
149 19
18 174
89 208
182 46
144 60
204 155
143 128
188 174
129 151
36 86
95 108
3 116
148 153
163 140
187 41
157 220
5 59
116 168
45 21
174 78
77 177
54 76
223 69
161 109
218 38
180 214
24 96
72 110
209 44
65 14
129 108
205 115
46 89
40 185
50 167
93 97
63 101
10 163
90 161
136 198
205 166
47 206
14 63
16 44
25 176
36 15
22 88
211 22
202 24
152 128
82 15
150 194
91 77
195 91
179 207
205 115
213 16
106 86
1 32
73 44
135 213
188 101
60 77
25 200
77 64
61 168
110 1
22 91
194 131
96 2
88 10
214 116
55 99
35 102
194 145
129 85
36 193
57 182
143 101
33 168
86 110
71 207
64 43
200 79
29 11
52 103
14 61
140 12
63 155
93 171
21 141
101 177
201 136
56 189
100 87
142 170
173 99
156 49
32 81
139 79
13 58
7 48
166 154
199 10
19 178
102 60
122 71
41 48
154 63
52 170
166 106
150 91
194 28
219 143
215 75
117 150
9 103
133 220
24 163
2 76
171 107
125 129
27 172
221 210
29 147
205 23
108 30
47 57
61 90
111 124
45 220
3 87
97 192
20 131
182 192
38 72
33 112
67 187
108 213
52 191
43 117
79 36
159 68
193 39
177 180
33 163
60 153
209 157
88 15
42 216
221 47
110 90
71 146
166 70
175 78
32 50
90 59
198 198
103 67
155 195
62 182
183 64
166 143
37 10
7 180
135 29
169 14
29 25
70 86
84 60
184 53
207 85
75 112
210 4
137 164
86 92
136 220
141 91
208 139
19 76
27 164
121 157
155 57
140 116
29 134
199 46
124 124
33 100
209 60
191 218
181 137
210 1
201 194
5 123
204 159
71 25
212 43
113 107
110 146
15 129
29 151
109 4
166 32
61 29
40 139
62 174
97 60
124 126
129 177
150 63
26 168
192 89
218 167
56 105
52 219
218 74
220 26
47 162
23 73
114 130
96 202
99 206
186 200
143 134
88 30
99 170
183 51
105 154
166 198
120 91
88 107
168 121
57 196
188 76
25 175
50 177
161 186
113 23
67 38
220 25
68 222
221 179
100 153
170 221
87 118
218 223
176 201
125 124
105 5
96 19
151 161
193 171
160 133
2 49
9 58
172 130
110 113
25 93
155 163
189 71
59 164
186 63
41 127
120 34
206 182
82 68
113 72
32 178
38 87
75 64
210 51
78 126
60 219
119 113
48 176
222 12
23 4
112 51
135 126
128 77
208 91
145 185
25 122
152 163
171 93
125 11
3 93
148 36
135 112
46 30
109 125
13 97
26 62
87 94
174 121
204 185
191 77
31 203
23 159
121 100
129 118
69 80
14 89
102 183
183 133
23 30
164 150
55 74
12 98
215 27
80 82
60 166
1 144
89 129
169 78
133 21
155 153
103 169
99 184
74 169
206 79
154 175
80 63
222 89
139 83
141 137
66 71
5 64
219 49
109 74
164 129
39 146
94 119
101 79
8 23
126 61
209 87
1 88
62 119
96 63
113 171
62 214
35 52
31 177
120 94
1 25
