500 10 100 446 2679.15
# demands
23 21 28 20 25 36 36 26 42 20 20 23 28 22 35 40 29 48 24 27 20 24 32 20 22 22 17 21 24 24 22 27 37 20 26 33 28 29 20 32 19 23 26 20 20 19 24 19 20 18 29 27 17 30 21 19 21 20 33 29 22 40 20 20 32 35 25 26 26 18 18 31 21 22 26 42 39 27 35 29 29 25 27 33 23 33 33 29 21 34 25 31 24 29 32 20 44 21 29 25 25 29 23 21 26 32 24 20 31 23 28 30 36 21 24 26 33 32 19 23 26 27 35 37 41 31 28 18 30 33 18 33 35 36 26 37 25 27 39 24 34 24 17 25 22 31 23 23 26 23 21 33 24 33 23 30 38 35 23 26 26 20 22 34 23 24 25 37 35 50 25 28 27 21 24 20 20 21 33 31 26 20 18 28 23 26 26 32 34 24 27 20 30 41 23 25 32 24 19 21 26 21 25 20 25 22 23 41 26 21 19 36 23 40 23 38 30 22 27 19 34 28 24 27 23 22 25 29 26 33 24 28 40 21 19 31 19 26 18 22 38 38 22 33 20 20 20 21 18 20 26 29 27 26 32 22 24 20 22 36 28 30 25 23 26 23 31 22 25 19 33 28 20 24 23 21 25 22 25 31 27 25 25 23 22 31 18 33 25 19 25 25 21 17 21 19 31 34 19 22 35 26 25 18 28 26 33 20 18 43 22 39 18 26 42 33 39 22 21 35 42 24 22 42 33 23 20 19 24 32 23 20 30 22 27 34 30 23 22 19 23 29 21 32 19 26 37 27 22 34 28 20 31 23 33 33 20 22 21 31 21 19 24 21 40 18 21 34 32 24 19 43 28 23 32 19 27 48 29 22 20 29 21 18 19 48 19 28 23 30 31 44 20 27 21 25 20 21 25 27 38 22 19 20 35 28 34 18 33 29 27 25 21 37 27 28 36 26 35 27 18 25 29 24 21 32 24 24 29 24 33 30 27 26 23 40 35 35 31 27 19 21 36 30 20 23 32 24 25 23 21 21 23 24 32 24 24 18 22 30 20 25 21 29 20 34 25 26 21 34 20 41 19 31 39 36 28 24 18 22 21 25 22 37 21 18 23 31 21 32 28 21 27 30 30 24 19 20 21 22
# request locations
112 112
48 143
1 204
218 66
59 33
174 17
143 119
2 83
53 165
77 52
214 17
87 47
203 177
178 91
137 34
169 113
36 120
110 81
8 25
131 128
77 79
89 219
58 100
10 108
35 183
220 72
205 174
19 2
5 121
80 188
113 48
175 54
202 45
4 11
18 187
60 195
123 220
136 213
138 156
11 105
203 20
15 34
102 192
220 85
60 55
195 218
97 21
195 52
207 99
149 145
170 41
158 92
0 65
56 77
102 61
185 207
28 91
115 59
187 208
178 131
176 202
190 42
53 170
167 61
192 81
186 113
131 3
74 215
136 71
184 136
144 127
69 218
179 163
161 36
42 189
18 4
210 154
216 142
82 41
153 80
162 34
8 200
28 156
28 215
55 140
12 114
37 180
6 58
210 75
203 142
184 109
61 22
80 213
161 50
111 39
160 186
170 165
158 136
179 42
53 6
61 0
35 32
27 198
82 208
34 176
30 183
98 61
69 72
176 129
150 142
154 22
13 223
167 185
29 42
143 91
31 188
95 199
208 52
70 152
1 222
193 118
82 181
12 222
190 158
143 75
199 69
27 111
133 196
105 212
172 119
86 216
78 116
21 169
82 42
21 129
165 30
149 162
20 103
40 161
82 220
208 32
218 92
168 120
211 143
42 66
168 54
64 161
147 204
1 28
33 44
223 200
4 0
221 112
64 97
1 223
102 78
15 70
96 100
171 79
45 187
163 87
31 26
28 81
68 36
161 152
96 195
139 130
175 142
107 93
216 17
63 174
46 129
44 207
24 35
111 112
32 128
44 177
125 103
77 192
196 146
200 221
134 29
196 7
171 89
81 52
201 212
70 176
66 90
149 95
153 149
162 115
94 141
165 7
77 152
127 24
113 127
37 108
23 91
213 43
202 81
199 106
196 171
67 79
211 197
110 139
10 179
70 8
148 30
94 191
69 161
91 195
72 22
112 138
4 128
6 148
180 42
107 70
210 115
8 129
106 154
209 137
19 98
218 195
26 42
205 34
214 1
183 174
55 22
195 65
59 71
178 181
40 30
51 114
142 211
181 130
115 210
51 10
60 221
49 207
127 92
154 214
169 200
173 218
189 64
189 18
94 100
52 31
76 88
58 216
137 15
196 58
19 45
70 82
175 21
155 179
80 33
204 35
192 104
211 96
127 178
133 46
156 58
118 178
18 84
21 41
169 160
96 193
95 211
87 30
121 99
119 138
104 71
6 16
191 179
3 157
203 99
87 186
19 31
65 169
127 27
171 81
124 98
25 17
162 36
183 31
120 217
80 12
2 196
194 137
61 149
26 173
207 55
84 186
91 104
106 58
60 140
152 94
49 66
153 67
69 31
150 112
165 121
156 208
211 115
158 142
218 200
183 14
75 31
25 182
91 198
212 194
20 177
31 25
40 136
205 61
80 171
198 120
33 215
41 89
7 211
199 203
19 204
122 72
30 93
61 35
178 11
157 111
178 34
205 165
197 13
121 6
136 22
29 30
70 24
128 65
108 80
198 123
198 91
203 105
181 4
209 110
174 119
199 95
145 172
183 4
141 204
67 53
215 35
84 41
69 132
201 70
70 127
162 92
73 63
21 109
217 122
185 94
208 111
11 108
37 182
89 123
214 155
127 195
136 118
214 38
26 37
193 147
136 64
46 216
61 148
216 125
176 59
22 48
53 134
123 35
217 138
78 155
6 135
104 198
207 123
87 87
17 90
187 41
89 206
137 163
200 144
120 45
130 44
28 105
25 222
220 98
153 26
137 210
156 186
175 101
145 45
97 7
1 51
71 30
120 160
145 190
137 208
79 166
189 116
156 70
181 112
89 188
38 22
41 212
33 130
106 197
6 20
144 67
216 201
6 166
170 17
62 72
33 186
176 174
7 145
118 171
17 63
80 188
66 208
79 153
59 178
155 208
163 86
170 72
145 83
66 221
161 44
49 163
89 24
29 57
199 92
28 60
142 170
94 126
185 152
84 4
123 163
185 9
52 147
87 156
197 144
156 45
196 171
174 119
207 220
56 165
202 187
48 134
50 187
192 13
210 105
88 33
41 4
129 19
198 6
83 54
76 177
180 165
159 56
200 9
172 48
181 40
29 35
19 2
181 176
48 184
144 5
131 138
181 33
10 133
156 192
211 114
180 126
22 142
86 58
54 10
73 149
175 154
109 117
59 192
46 160
1 218
172 125
150 173
136 90
36 15
194 15
204 93
203 125
221 38
62 186
103 12
138 214
224 101
82 92
10 89
173 14
183 44
64 158
136 24
184 117
105 211
166 217
29 38
36 174
146 11
83 3
9 88
77 78
7 66
119 104
142 159
86 133
65 218
55 51
133 158
120 172
24 113
0 37
176 62
199 175
141 194
175 216
161 207
143 208
185 184
158 159
73 69
11 51
159 42
49 187
141 182
184 49
112 95
36 2
180 191
191 156
207 45
44 66
4 9
32 18
210 1
27 102
136 222
206 185
123 79
162 171
163 109
7 69
64 90
167 203
79 167
147 97
53 154
161 197
42 6
110 113
163 144
201 130
187 207
194 137
87 34
48 59
211 142
56 53
2 215
169 31
15 44
38 220
81 164
55 61
207 120
1 129
133 156
138 9
78 146
78 195
48 56
66 34
199 87
80 55
178 103
183 80
177 179
26 46
221 117
190 209
74 46
25 214
97 212
1 22
106 78
102 148
56 93
24 44
149 146
73 27
148 188
69 222
113 20
53 47
211 152
221 66
160 134
93 6
40 212
139 128
31 191
51 197
18 150
80 189
109 135
180 175
91 87
221 172
168 33
154 120
72 224
153 183
130 68
42 8
1 123
45 24
118 85
196 164
89 194
143 168
180 113
35 199
199 201
195 171
10 40
92 148
201 160
138 153
25 100
22 32
28 144
114 15
181 180
5 38
45 65
136 173
11 17
71 179
197 158
34 123
66 78
43 149
146 84
193 222
215 210
1 219
177 62
194 15
53 170
35 221
135 190
147 18
157 149
70 58
22 64
128 11
168 67
20 36
203 214
78 29
110 30
48 177
118 34
80 107
9 171
61 33
82 131
212 16
223 123
174 40
30 101
11 25
21 22
170 69
64 222
158 14
41 118
51 191
86 70
37 51
218 25
109 174
173 161
31 176
73 17
199 163
78 190
65 70
2 16
58 133
213 69
202 115
51 207
175 170
114 157
195 145
58 41
147 204
27 88
19 110
19 140
204 30
197 96
210 96
102 171
131 85
43 79
31 21
110 173
163 104
146 69
142 223
71 216
128 169
200 2
101 89
189 102
10 122
214 119
220 127
196 163
119 198
113 2
0 62
120 66
80 161
87 56
43 205
131 182
205 78
0 60
129 173
163 36
145 10
5 73
13 56
24 135
57 187
222 65
169 10
203 131
174 74
54 46
153 42
136 123
175 146
101 53
153 74
33 111
146 127
200 118
98 13
88 223
145 174
209 172
182 221
114 74
64 127
30 126
28 44
173 196
156 29
84 89
55 10
49 220
111 129
104 125
133 142
195 57
22 1
19 142
91 33
79 102
70 102
98 25
219 38
146 35
113 214
205 116
82 84
79 83
18 223
185 191
186 41
47 174
72 108
135 134
194 33
143 173
215 211
1 217
86 108
209 123
121 32
40 165
12 31
119 68
45 158
41 46
35 46
32 24
211 198
144 162
43 1
136 18
95 104
70 127
194 128
177 151
97 160
4 1
120 10
112 183
145 102
110 183
188 36
185 44
178 55
172 22
150 140
9 205
127 182
154 125
161 59
41 113
172 100
123 144
132 111
142 103
150 23
127 208
63 104
105 59
69 199
191 96
215 101
8 45
77 147
187 162
203 190
100 158
146 191
214 36
97 8
17 70
192 14
61 9
62 206
2 191
48 79
59 111
194 8
97 22
33 132
101 18
38 36
72 67
161 76
67 166
83 89
94 190
64 65
88 158
17 5
208 146
13 121
123 209
59 222
81 195
69 156
96 179
89 78
197 84
141 139
68 203
193 174
198 87
127 143
79 200
174 64
131 38
192 56
35 19
166 176
189 182
133 22
175 134
74 2
150 92
165 50
189 176
193 99
100 104
210 125
149 179
135 145
182 68
11 152
7 125
101 96
119 164
203 140
165 62
27 90
159 141
72 42
111 162
25 136
31 83
70 104
101 168
73 8
161 221
121 75
117 97
156 196
191 89
45 144
146 222
22 154
147 160
207 127
18 172
95 189
56 89
160 71
174 106
121 2
209 139
118 136
85 205
217 88
206 34
48 122
214 48
199 119
76 16
209 91
99 26
35 152
132 146
87 169
138 1
98 120
165 64
218 85
181 207
97 139
79 216
103 142
74 140
69 177
142 127
208 125
188 76
85 172
18 121
21 177
13 206
15 19
193 174
162 172
3 131
60 190
39 117
134 143
66 29
79 25
163 68
83 183
211 210
49 28
176 194
6 193
197 65
58 203
140 62
132 5
191 198
43 106
155 196
135 28
70 14
163 143
35 105
109 140
25 150
77 138
120 92
