500 10 100 463 2102.42
# demands
22 20 28 22 35 24 29 27 36 25 19 36 28 19 20 27 27 24 28 25 40 19 23 20 27 36 19 26 28 33 21 24 27 22 25 33 28 22 24 20 29 28 24 22 21 19 17 25 32 21 21 19 20 36 31 27 26 35 23 19 23 37 22 21 29 18 24 27 22 29 21 21 23 20 19 27 18 29 38 29 24 24 42 29 26 26 25 47 25 20 33 23 34 23 32 25 18 21 19 23 30 28 29 24 18 28 21 23 21 20 24 27 33 18 29 33 31 26 33 38 19 47 31 28 33 27 21 28 23 20 32 28 22 34 30 26 22 27 33 21 17 19 29 25 28 38 19 26 19 25 30 26 19 36 29 29 24 33 31 19 31 26 24 22 26 22 29 36 29 35 26 50 28 33 22 35 26 25 28 19 19 23 27 19 32 20 28 29 28 19 23 22 22 26 25 32 37 25 25 35 27 23 17 21 29 40 30 41 34 25 25 30 17 25 40 23 19 23 22 21 21 31 25 22 36 19 22 23 24 22 23 33 27 23 27 22 20 28 21 27 19 23 19 19 27 24 24 21 32 33 28 35 32 19 20 21 18 30 27 26 20 19 25 33 32 40 39 33 24 20 20 24 19 23 29 29 38 24 29 19 20 20 20 42 25 44 39 40 23 25 19 29 33 39 19 22 28 26 19 23 29 25 22 31 25 22 20 25 25 24 27 18 22 27 25 20 26 29 24 20 24 23 25 35 35 19 24 21 31 30 29 22 25 21 20 34 23 19 23 24 35 34 30 18 27 18 29 30 21 30 28 26 29 24 31 35 37 32 29 24 26 33 17 27 21 41 21 37 18 17 26 21 20 25 19 40 32 25 30 24 19 23 22 18 21 24 22 28 21 21 27 23 29 19 25 21 22 23 44 19 27 28 20 36 31 26 29 27 20 29 30 19 21 20 20 21 19 27 29 29 21 23 20 31 30 36 24 29 26 29 22 23 18 27 21 36 40 26 30 24 23 26 29 26 20 33 23 42 20 30 27 29 25 20 19 28 25 34 25 24 32 18 46 19 28 19 35 22 27 25 23 27 25 22 21 28 21 21 27 28 24 26 22 24 25 43 26 19 20 26 23 33 26 38 17 19 27 29 34 25
# request locations
112 112
205 99
18 130
150 72
63 135
193 133
52 146
59 195
96 192
25 74
69 140
149 184
93 102
37 102
124 159
124 14
37 156
15 81
75 109
193 6
201 215
165 22
114 141
1 181
10 74
39 33
132 184
215 184
190 203
184 217
182 16
131 149
182 123
118 146
23 11
79 59
160 87
190 104
134 63
172 109
79 199
6 11
164 117
177 192
94 6
26 132
93 209
177 8
60 201
5 214
103 54
31 63
47 38
193 107
82 181
70 209
121 85
184 89
222 105
144 41
203 131
4 135
201 67
91 24
44 148
119 214
122 37
140 184
213 148
52 6
147 81
144 29
149 121
223 26
164 2
189 217
220 51
210 64
179 189
39 211
51 14
141 59
13 62
199 39
8 134
200 31
5 82
24 60
149 63
119 154
198 209
137 145
217 64
135 94
42 178
186 81
21 59
183 62
139 22
160 134
83 24
23 62
210 26
31 34
198 25
137 104
170 76
135 90
221 218
177 99
29 184
3 7
145 12
7 7
103 206
139 103
220 127
38 129
25 21
41 64
211 128
51 219
189 49
133 207
139 129
211 93
152 146
61 128
153 85
98 16
211 162
71 146
56 42
205 10
181 149
55 135
49 206
101 151
174 220
126 37
10 58
43 76
168 6
201 52
145 39
8 118
191 20
99 189
38 78
159 209
122 7
68 164
76 91
31 25
51 61
1 158
168 79
116 80
117 128
62 142
142 19
42 110
164 120
168 209
148 199
192 209
213 35
113 52
94 201
219 121
203 125
116 182
223 13
213 21
80 136
154 4
25 24
153 4
162 115
180 189
209 52
204 83
162 18
163 94
53 167
179 169
18 39
219 222
204 46
53 103
122 180
51 78
208 16
93 167
4 28
181 19
114 209
101 216
132 158
26 93
165 150
108 119
212 140
160 220
62 96
155 60
83 199
21 141
34 143
26 171
213 88
118 222
132 133
190 97
208 105
209 126
125 143
159 198
152 180
28 11
95 186
52 12
179 25
216 100
34 71
187 87
218 0
139 146
133 22
170 167
113 218
157 172
44 111
31 213
138 212
66 89
120 44
122 159
146 37
106 106
184 205
39 70
59 114
113 41
222 97
90 219
69 61
172 72
215 101
79 142
192 126
107 78
189 1
164 138
51 184
210 47
59 156
21 91
170 41
127 173
61 157
88 47
202 130
1 130
157 143
45 14
217 81
180 193
191 10
219 165
144 218
207 90
138 42
139 158
206 125
36 85
182 158
130 187
42 64
77 188
142 71
109 63
40 214
39 218
214 114
109 32
110 189
15 164
6 173
163 192
108 116
158 191
210 128
204 36
98 63
208 164
48 52
117 186
204 116
210 93
89 20
64 196
77 22
38 75
39 132
51 206
51 46
44 55
168 27
53 119
130 37
117 83
91 166
14 159
8 40
70 4
200 56
85 81
57 209
166 93
58 29
123 38
179 141
29 115
11 79
194 153
190 159
177 219
88 81
101 67
33 160
77 40
145 40
52 61
118 158
88 154
6 175
63 216
114 138
217 19
206 171
145 21
147 198
26 177
190 126
36 199
141 172
195 28
189 12
66 5
26 192
91 163
33 96
153 74
206 206
72 63
148 165
136 107
87 44
196 138
129 217
177 116
138 194
107 157
89 94
127 212
52 182
73 43
15 41
147 40
169 40
183 136
73 1
178 24
172 86
65 208
63 137
121 57
175 98
178 164
46 72
140 149
149 15
145 102
145 170
192 167
145 207
47 44
77 192
212 148
98 69
93 45
17 78
209 198
190 20
94 184
29 23
67 159
173 40
220 139
103 71
70 153
179 46
171 176
99 210
10 202
133 204
168 2
81 197
207 23
134 23
186 95
201 201
167 191
1 207
46 71
32 163
115 18
216 154
158 39
180 2
190 192
142 165
25 63
71 194
14 203
154 71
80 174
147 85
194 130
147 50
208 99
207 146
112 58
80 121
143 217
145 90
220 133
69 82
198 147
120 199
79 15
208 74
157 40
11 70
30 64
92 194
3 142
81 101
29 123
74 114
161 179
149 95
44 179
64 24
91 181
52 141
109 220
209 138
65 122
37 161
122 76
111 199
32 30
14 105
156 87
8 31
70 168
53 79
112 155
35 222
53 141
219 68
190 52
218 144
172 201
217 215
173 139
10 26
183 207
178 143
172 1
99 198
132 45
22 90
53 48
118 30
219 64
122 123
125 90
20 119
218 101
52 60
116 44
111 209
58 24
211 23
148 186
167 210
50 102
7 99
95 30
111 214
215 126
115 191
80 124
50 109
1 176
59 210
169 196
190 147
178 115
57 202
83 176
214 135
218 147
194 75
95 63
184 76
103 123
52 175
96 84
144 71
16 41
180 186
24 70
167 127
31 158
101 30
216 134
62 11
135 174
15 191
183 138
11 183
132 180
76 102
148 6
219 74
61 47
160 136
38 41
88 126
192 164
191 31
48 69
192 66
137 179
150 143
221 173
148 97
64 124
187 3
160 101
137 121
202 147
142 120
160 147
199 56
44 167
120 153
116 25
2 156
8 112
37 71
136 88
153 35
47 56
131 94
91 132
19 64
109 6
59 132
184 40
213 50
155 156
50 87
192 123
133 118
25 61
67 50
18 47
216 41
4 72
16 98
81 165
50 46
11 42
27 41
9 71
173 106
142 40
220 79
79 162
20 181
193 141
107 9
3 87
123 214
184 38
110 44
120 58
89 70
63 23
52 103
60 13
125 209
88 105
146 167
3 34
135 123
136 40
14 29
156 173
220 62
31 94
126 135
36 217
171 220
15 81
107 193
147 204
93 131
154 26
112 122
58 164
7 150
159 214
130 144
92 195
37 105
212 138
116 11
115 64
32 32
10 170
172 57
223 4
78 208
162 43
170 6
12 47
99 62
187 122
97 156
66 213
82 144
58 19
213 94
88 113
221 72
21 42
89 102
178 61
142 103
71 98
210 104
41 61
120 33
90 103
203 178
17 73
142 181
18 26
19 172
120 43
50 176
41 34
212 3
174 133
41 195
162 39
94 108
115 213
54 185
214 219
220 149
209 152
76 95
158 98
0 130
45 143
112 82
104 89
205 30
170 73
220 124
41 122
180 159
221 83
60 210
51 13
132 213
20 21
115 123
78 4
59 112
208 26
86 183
199 96
66 178
179 189
189 147
18 78
94 57
3 141
101 145
184 180
81 32
113 185
99 173
195 173
72 102
31 184
183 4
28 171
117 106
40 27
77 141
190 57
183 14
26 100
204 0
150 111
195 114
93 24
163 164
28 208
121 14
54 92
223 170
83 158
214 204
161 31
215 134
79 29
85 220
92 159
72 202
153 57
100 2
87 165
50 58
15 156
217 174
136 166
49 94
125 149
156 27
14 12
97 25
219 211
127 64
145 196
11 78
145 168
121 109
91 158
39 5
39 189
58 17
6 6
173 54
19 73
16 67
25 24
59 30
218 109
160 151
13 127
183 10
122 36
85 88
191 166
56 130
57 169
23 46
79 12
80 5
206 34
2 132
35 7
99 142
78 172
11 207
80 106
123 181
222 80
93 26
204 203
78 59
169 176
166 206
170 184
69 109
48 43
175 75
29 104
22 163
2 220
213 166
165 113
179 190
221 33
2 213
175 172
59 67
84 91
30 77
146 72
131 14
189 31
210 16
145 126
154 26
142 47
64 17
117 126
107 210
50 85
2 189
166 51
208 218
130 100
140 179
31 222
153 156
63 215
1 210
81 52
221 30
94 57
87 205
42 135
77 4
216 46
199 139
188 135
160 119
106 155
64 220
35 128
210 27
38 149
155 61
34 87
215 205
43 129
194 68
159 136
103 125
68 194
211 175
9 80
35 9
105 49
184 123
11 154
53 69
43 83
22 206
209 188
55 160
33 174
52 176
148 101
55 207
221 117
75 34
46 20
32 74
208 21
82 96
12 168
222 157
194 19
113 120
109 106
223 149
192 91
100 44
77 153
104 168
121 83
3 91
175 167
30 115
19 109
152 137
146 140
58 186
61 175
198 160
64 147
7 39
98 11
127 168
120 67
123 61
29 208
131 77
115 76
104 146
107 97
36 156
122 191
119 107
191 215
118 207
137 22
215 40
17 4
23 129
194 174
24 60
81 23
82 111
23 142
184 11
223 217
138 26
186 23
223 147
178 125
110 16
88 155
21 59
5 60
40 214
4 190
182 75
120 125
59 71
57 74
16 156
62 95
72 156
144 211
177 216
217 80
55 22
3 39
141 84
217 34
101 115
166 123
182 210
7 64
159 173
51 198
201 74
154 168
63 96
128 33
62 187
111 7
24 33
150 85
121 147
41 34
189 91
169 31
169 99
1 40
169 217
90 194
106 219
86 184
166 200
4 30
91 112
189 203
24 45
74 47
148 112
136 213
88 208
165 34
100 39
105 219
208 51
205 206
143 80
168 15
212 209
171 41
100 175
205 90
116 16
116 33
204 178
96 86
101 136
171 13
96 141
34 186
56 195
210 12
152 218
55 39
108 163
