500 10 100 430 1862.11
# demands
21 27 26 34 28 20 23 26 25 19 27 17 23 28 24 22 20 21 25 24 25 28 27 18 17 29 22 28 27 43 19 25 36 19 21 30 35 17 34 24 44 31 27 21 24 27 30 31 28 26 24 20 22 20 21 26 40 27 34 22 22 35 27 37 20 28 24 22 21 31 23 25 24 18 27 19 22 23 20 29 23 29 30 18 37 25 19 35 30 35 36 40 21 25 31 21 20 31 21 18 22 21 34 22 29 20 29 39 24 18 18 19 27 18 20 37 34 19 30 33 27 18 34 32 29 23 45 26 30 30 18 32 27 27 22 25 22 18 27 24 37 23 21 34 22 29 29 23 29 26 22 24 25 26 40 26 26 26 27 23 30 24 24 34 19 20 20 20 26 20 30 21 24 18 26 30 23 18 24 24 21 23 31 24 19 25 40 34 19 25 26 22 34 27 22 44 22 26 28 32 25 24 31 22 24 36 26 25 25 22 38 21 31 24 22 33 18 30 22 19 22 20 45 23 29 19 23 20 39 24 18 27 27 42 23 18 20 22 30 25 37 25 20 25 24 23 23 24 20 19 26 32 19 20 31 18 34 26 30 36 39 23 26 21 21 17 23 22 37 31 23 19 22 31 20 20 29 30 17 30 20 40 26 19 23 19 33 29 20 30 34 18 33 27 22 32 35 25 23 25 19 30 31 26 18 27 29 39 31 32 30 20 26 20 24 35 22 27 29 22 28 19 28 23 25 22 37 19 41 23 34 33 21 33 31 25 33 24 20 24 38 20 23 21 26 31 22 29 24 33 23 19 18 37 19 25 20 25 20 34 30 25 23 31 21 21 31 29 18 33 39 20 25 19 21 24 23 20 22 21 20 26 20 27 24 37 22 25 25 26 28 26 22 22 26 22 20 20 28 26 23 18 32 20 25 28 28 23 27 32 24 19 22 27 30 33 25 26 31 24 18 19 21 31 22 27 31 40 27 33 25 20 33 34 20 36 20 21 23 21 36 37 20 22 41 26 23 24 42 29 21 42 24 23 20 20 20 27 22 29 26 20 24 50 22 32 18 27 27 20 26 24 19 30 29 20 20 27 25 18 25 21 26 25 23 23 19 41 30 30 29 28 32 26 25 18 27 23 18 28
# request locations
112 112
29 103
220 143
17 79
153 181
10 144
59 199
192 49
48 200
24 139
170 74
38 189
95 193
199 68
169 51
178 111
106 49
206 23
54 89
213 51
193 80
6 79
183 37
63 128
101 129
92 101
127 117
131 150
38 37
218 200
125 202
210 171
38 193
157 182
173 38
210 108
191 68
143 57
173 147
202 40
128 162
190 25
45 23
4 85
12 85
12 205
139 53
126 83
146 111
153 195
117 92
142 5
201 205
53 115
149 102
147 220
69 209
104 172
210 207
170 193
75 158
192 194
9 66
125 87
158 68
174 9
125 215
199 72
87 53
22 213
12 208
186 15
184 194
184 28
212 91
221 189
217 127
100 115
50 118
104 126
98 78
88 94
11 202
62 138
16 209
165 123
31 192
114 62
93 170
193 22
58 70
198 190
34 87
156 181
23 197
199 177
213 98
11 70
167 105
102 186
190 188
138 86
135 186
220 17
138 107
7 104
115 130
0 165
181 74
153 6
61 192
47 52
80 104
111 177
107 201
190 33
68 8
142 23
79 202
39 169
204 88
35 186
165 119
125 183
111 84
180 84
75 133
173 110
30 28
150 45
105 11
144 112
205 138
29 107
210 135
21 171
15 176
0 110
113 195
223 111
163 3
220 86
124 33
1 148
15 7
48 216
202 160
169 150
78 92
109 1
68 149
61 67
217 15
67 50
48 110
80 206
139 179
61 153
163 176
56 97
158 49
86 112
187 147
154 172
101 14
154 142
24 137
95 149
50 81
20 158
183 201
139 103
114 200
112 28
95 189
119 114
218 200
132 15
147 19
6 85
150 20
81 80
31 191
193 146
29 215
187 47
137 24
174 202
66 85
93 145
164 89
139 112
66 112
154 98
220 129
139 71
222 69
125 3
155 6
118 157
52 5
173 184
47 171
29 169
4 42
81 174
22 144
109 91
83 120
122 26
138 85
140 86
214 81
178 190
110 68
34 106
67 193
101 27
174 100
54 190
51 21
45 180
109 160
150 9
5 99
121 6
178 165
187 13
66 55
204 224
213 200
212 223
132 63
92 22
63 39
1 160
202 121
220 16
177 205
0 222
97 176
88 208
208 60
197 104
218 84
206 118
99 72
36 126
143 19
88 145
122 118
113 97
196 188
33 31
98 14
124 112
107 110
209 196
45 38
97 78
191 110
189 207
28 61
195 86
60 62
24 22
121 124
62 85
78 174
60 41
15 131
167 85
11 140
103 206
207 59
157 183
17 2
64 89
129 203
209 95
29 66
164 214
16 216
177 190
156 65
207 191
163 12
30 82
119 142
25 9
63 66
45 162
106 15
185 74
85 91
15 210
170 111
164 164
44 111
150 122
33 214
72 3
153 87
171 204
161 213
54 158
155 208
4 1
54 200
145 142
80 104
6 138
80 147
10 117
86 84
216 170
2 127
217 114
157 42
73 84
58 208
9 188
187 44
96 85
159 22
189 23
146 165
130 140
44 203
171 24
50 216
176 143
123 164
39 168
119 48
91 223
132 60
124 117
35 142
165 223
134 130
192 22
85 55
101 181
186 71
135 75
214 21
142 71
169 110
74 117
147 66
217 105
49 52
48 67
57 121
123 203
145 167
0 43
201 172
7 144
14 92
220 7
221 175
133 131
13 51
204 186
26 67
14 166
210 155
84 126
94 115
106 72
120 149
73 155
57 164
50 106
168 66
203 150
26 110
173 160
94 96
51 16
43 59
196 164
60 14
195 119
120 180
17 70
141 191
98 115
59 89
21 222
126 66
5 160
207 66
157 170
117 208
178 185
166 138
152 163
124 86
140 110
86 73
135 45
3 13
78 33
95 51
68 116
8 222
35 145
118 112
15 56
186 90
149 154
183 137
42 95
73 152
51 131
150 22
110 76
170 105
219 120
7 2
94 18
35 84
198 158
96 31
7 176
85 17
53 59
103 37
76 125
131 124
212 29
124 104
58 73
74 33
168 158
199 127
89 130
107 76
53 178
112 11
203 159
195 77
18 160
118 125
190 100
188 212
176 53
94 154
132 52
166 218
170 44
175 9
7 13
205 209
154 125
110 65
132 80
55 153
43 79
84 79
65 130
4 117
30 152
194 125
207 83
218 223
54 149
83 206
42 93
173 44
122 128
3 79
173 116
87 45
21 83
40 215
125 84
31 84
58 25
188 93
99 35
220 97
104 148
24 166
147 66
85 136
132 41
113 150
54 93
31 213
156 215
188 36
153 23
171 195
128 196
106 48
61 125
83 109
166 223
128 152
125 37
52 12
163 190
186 119
158 173
105 84
3 142
29 137
145 94
222 16
103 218
215 209
40 162
10 56
162 181
4 57
64 87
52 204
13 72
201 134
217 45
92 215
74 60
198 51
120 30
142 111
15 175
118 85
148 122
163 139
215 123
161 89
134 156
219 26
110 6
186 170
138 99
201 5
26 176
218 10
202 86
43 157
39 166
43 148
185 210
35 87
210 173
35 72
76 10
107 10
43 103
75 220
207 99
165 144
44 53
153 67
37 68
32 89
169 175
42 24
96 27
92 210
23 65
155 194
58 116
220 153
204 82
70 185
111 205
63 14
9 178
112 211
99 207
25 183
146 223
3 39
26 100
189 118
13 96
111 131
200 23
198 188
209 59
30 121
163 187
195 198
221 53
99 80
128 27
115 168
132 139
192 210
101 198
49 117
172 55
136 63
55 129
155 62
31 82
210 161
74 156
133 188
68 34
90 34
220 132
116 7
205 71
28 18
190 92
43 163
43 198
211 7
170 62
221 54
152 50
112 16
25 138
113 27
121 16
156 141
88 128
58 200
67 132
159 106
114 85
158 147
15 172
193 45
122 99
74 91
16 21
187 213
165 206
63 179
8 210
31 37
75 149
136 115
98 100
15 133
101 106
165 168
44 92
105 77
82 33
34 181
198 202
30 160
49 121
54 185
33 210
147 116
81 174
60 177
131 61
190 70
187 31
160 184
165 14
133 117
111 223
146 80
39 182
33 73
52 85
71 11
33 82
126 159
59 62
196 118
15 4
186 45
185 65
178 33
24 83
64 202
167 166
78 80
66 210
89 185
34 148
155 155
119 41
216 68
15 211
2 89
56 124
33 132
22 167
59 201
49 97
27 106
215 165
60 209
4 133
159 60
91 174
92 41
218 162
38 62
32 94
104 204
100 36
181 91
211 42
134 115
178 11
192 212
150 22
114 146
148 62
41 91
39 137
155 20
122 118
162 170
119 72
78 148
41 153
223 206
163 43
208 2
197 221
93 44
196 215
84 90
172 56
62 204
131 187
50 25
144 19
32 214
198 142
186 90
76 57
110 24
209 192
51 21
171 3
157 4
38 190
51 146
54 62
135 134
106 24
5 4
97 75
220 152
79 173
23 39
80 123
16 8
34 57
165 164
41 19
118 77
152 211
92 140
118 139
40 54
169 190
143 145
98 46
138 111
180 221
189 16
121 18
190 104
21 14
166 194
51 42
154 163
23 144
223 18
181 69
105 31
110 52
204 203
118 165
161 196
100 173
64 209
205 5
113 106
117 36
9 94
39 72
202 106
17 46
21 182
35 189
150 21
131 216
197 9
169 3
114 14
155 49
208 185
65 24
54 16
192 26
28 183
166 43
42 67
18 221
61 44
65 187
49 144
13 220
16 26
83 177
121 79
65 187
14 177
223 121
51 195
157 166
49 87
93 131
190 195
108 174
84 86
192 189
72 209
50 138
162 174
178 106
135 186
20 54
164 94
66 75
16 17
222 38
67 9
182 140
35 200
170 186
220 52
72 92
147 23
207 184
99 103
211 127
141 175
107 189
117 168
141 115
164 151
24 163
191 17
31 134
45 9
38 20
46 57
113 194
117 151
92 176
73 84
88 71
177 194
155 20
72 223
130 175
22 72
68 121
143 84
69 126
18 116
174 19
41 127
200 56
156 98
66 116
161 207
19 117
63 164
120 145
145 5
209 187
117 196
64 131
80 170
172 75
206 18
55 88
54 213
177 206
172 45
86 193
114 154
16 148
119 96
119 18
113 163
117 197
97 98
86 117
82 50
216 6
163 138
15 125
194 208
133 12
40 185
30 136
190 169
132 211
217 11
9 153
189 174
72 214
40 204
159 66
216 217
217 102
192 191
30 168
143 141
150 125
170 156
132 15
21 82
209 221
109 133
91 93
75 204
39 94
64 146
60 75
186 125
118 90
125 130
208 143
67 96
177 156
24 33
208 49
95 159
25 214
21 218
146 165
94 19
149 13
126 24
135 169
210 185
187 43
176 27
38 220
121 116
9 185
117 103
172 127
180 205
162 218
131 186
181 150
127 109
170 114
196 112
128 61
64 158
195 220
90 93
171 24
191 128
161 26
189 87
66 24
149 192
86 105
167 141
69 141
159 72
154 196
99 104
102 42
150 189
145 57
168 128
36 86
222 203
192 187
28 108
23 217
112 120
53 81
120 194
73 174
217 190
5 174
14 67
44 168
166 74
84 10
161 58
133 177
141 179
